75016,PO BOX,Irving,Dallas County,1202
76633,STANDARD,China Spring,McLennan County,4970
75974,STANDARD,Tenaha,Shelby County,2820
79788,PO BOX,Wickett,Ward County,402
77651,STANDARD,Port Neches,Jefferson County,12400
77063,STANDARD,Houston,Harris County,29910
76686,PO BOX,Tehuacana,Limestone County,293
79110,STANDARD,Amarillo,Randall County,17160
75091,PO BOX,Sherman,Grayson County,1891
77402,PO BOX,Bellaire,Harris County,1570
77483,STANDARD,Wadsworth,Matagorda County,424
77428,PO BOX,Collegeport,Matagorda County,58
79360,STANDARD,Seminole,Gaines County,14870
78248,STANDARD,San Antonio,Bexar County,13500
76429,STANDARD,Caddo,Stephens County,176
79041,STANDARD,Hale Center,Hale County,2600
75116,STANDARD,Duncanville,Dallas County,19430
77662,STANDARD,Vidor,Orange County,22620
76848,STANDARD,Hext,Menard County,61
77987,PO BOX,Sweet Home,Lavaca County,213
75326,UNIQUE,Dallas,Dallas County,0
78408,STANDARD,Corpus Christi,Nueces County,10070
75237,STANDARD,Dallas,Dallas County,15530
79159,PO BOX,Amarillo,Potter County,1049
75054,STANDARD,Grand Prairie,Tarrant County,11250
77350,PO BOX,Leggett,Polk County,542
78147,PO BOX,Poth,Wilson County,2094
79908,STANDARD,El Paso,El Paso County,3370
78545,PO BOX,Falcon Heights,Starr County,674
77976,PO BOX,Nursery,Victoria County,395
79119,STANDARD,Amarillo,Randall County,14250
79755,STANDARD,Midkiff,Upton County,249
76705,STANDARD,Waco,McLennan County,24810
77568,STANDARD,La Marque,Galveston County,13850
78121,STANDARD,La Vernia,Wilson County,12700
78592,PO BOX,Santa Maria,Cameron County,1580
78619,STANDARD,Driftwood,Hays County,4020
77368,PO BOX,Romayor,Liberty County,372
75935,STANDARD,Center,Shelby County,12910
75689,PO BOX,Selman City,Rusk County,225
78242,STANDARD,San Antonio,Bexar County,28450
78405,STANDARD,Corpus Christi,Nueces County,12530
75682,PO BOX,New London,Rusk County,682
78567,PO BOX,Los Indios,Cameron County,1257
77549,PO BOX,Friendswood,Galveston County,1058
79102,STANDARD,Amarillo,Potter County,9000
76871,STANDARD,Richland Springs,San Saba County,610
75979,STANDARD,Woodville,Tyler County,6670
77585,STANDARD,Saratoga,Hardin County,780
79412,STANDARD,Lubbock,Lubbock County,13320
78781,UNIQUE,Austin,Travis County,0
77095,STANDARD,Houston,Harris County,67360
75359,PO BOX,Dallas,Dallas County,105
78559,STANDARD,La Feria,Cameron County,10480
79014,STANDARD,Canadian,Hemphill County,4360
78258,STANDARD,San Antonio,Bexar County,44340
77315,STANDARD,North Houston,Harris County,0
88577,PO BOX,El Paso,El Paso County,0
76869,STANDARD,Pontotoc,Mason County,134
75212,STANDARD,Dallas,Dallas County,24200
79743,PO BOX,Imperial,Pecos County,251
75214,STANDARD,Dallas,Dallas County,31680
76268,PO BOX,Southmayd,Grayson County,367
77451,PO BOX,Kendleton,Fort Bend County,449
79707,STANDARD,Midland,Midland County,33020
79083,STANDARD,Stinnett,Hutchinson County,2050
78466,PO BOX,Corpus Christi,Nueces County,985
78783,UNIQUE,Austin,Travis County,0
79499,PO BOX,Lubbock,Lubbock County,311
75603,STANDARD,Longview,Gregg County,5330
78665,STANDARD,Round Rock,Williamson County,40910
75421,STANDARD,Brookston,Lamar County,920
76513,STANDARD,Belton,Bell County,33020
76185,PO BOX,Fort Worth,Tarrant County,570
76442,STANDARD,Comanche,Comanche County,6300
79853,PO BOX,Tornillo,El Paso County,3267
75803,STANDARD,Palestine,Anderson County,12940
77845,STANDARD,College Station,Brazos County,48800
77630,STANDARD,Orange,Orange County,23470
79314,PO BOX,Bledsoe,Cochran County,64
75415,STANDARD,Ben Franklin,Delta County,157
76475,STANDARD,Strawn,Palo Pinto County,890
77348,UNIQUE,Huntsville,Walker County,13
79821,STANDARD,Anthony,El Paso County,4780
78045,STANDARD,Laredo,Webb County,63040
77546,STANDARD,Friendswood,Galveston County,49430
79836,STANDARD,Clint,El Paso County,6460
88524,PO BOX,El Paso,El Paso County,0
76856,STANDARD,Mason,Mason County,3120
79712,PO BOX,Midland,Midland County,696
77369,PO BOX,Rye,Liberty County,1053
75220,STANDARD,Dallas,Dallas County,39220
79718,STANDARD,Balmorhea,Reeves County,580
79064,STANDARD,Olton,Lamb County,2250
75061,STANDARD,Irving,Dallas County,53150
78119,STANDARD,Kenedy,Karnes County,4510
75554,STANDARD,Avery,Red River County,1410
78470,STANDARD,Corpus Christi,Nueces County,44
77316,STANDARD,Montgomery,Montgomery County,20610
79342,STANDARD,Loop,Gaines County,390
76628,PO BOX,Brandon,Hill County,107
77552,PO BOX,Galveston,Galveston County,816
77271,PO BOX,Houston,Harris County,613
76454,STANDARD,Gorman,Eastland County,1330
79046,STANDARD,Higgins,Lipscomb County,480
77461,STANDARD,Needville,Fort Bend County,10250
75446,STANDARD,Honey Grove,Fannin County,2970
76565,STANDARD,Pottsville,Hamilton County,90
75449,STANDARD,Ladonia,Fannin County,860
75147,STANDARD,Mabank,Kaufman County,6260
77030,STANDARD,Houston,Harris County,9170
75601,STANDARD,Longview,Gregg County,13130
78123,STANDARD,Mc Queeney,Guadalupe County,2160
77383,PO BOX,Spring,Harris County,1302
78285,STANDARD,San Antonio,Bexar County,0
78370,STANDARD,Odem,San Patricio County,4660
77536,STANDARD,Deer Park,Harris County,31920
75448,STANDARD,Klondike,Delta County,520
75336,PO BOX,Dallas,Dallas County,401
88533,PO BOX,El Paso,El Paso County,0
76837,STANDARD,Eden,Concho County,1120
78247,STANDARD,San Antonio,Bexar County,47650
78122,STANDARD,Leesville,Gonzales County,290
75042,STANDARD,Garland,Dallas County,37960
77209,UNIQUE,Houston,Harris County,0
75161,STANDARD,Terrell,Kaufman County,5480
76567,STANDARD,Rockdale,Milam County,7720
75431,STANDARD,Como,Hopkins County,1840
77234,PO BOX,Houston,Harris County,540
78731,STANDARD,Austin,Travis County,23730
79378,PO BOX,Wellman,Terry County,252
75846,STANDARD,Jewett,Leon County,2310
76094,PO BOX,Arlington,Tarrant County,584
76849,STANDARD,Junction,Kimble County,3160
77008,STANDARD,Houston,Harris County,28410
78287,UNIQUE,San Antonio,Bexar County,0
79490,PO BOX,Lubbock,Lubbock County,481
79382,STANDARD,Wolfforth,Lubbock County,6850
77062,STANDARD,Houston,Harris County,24610
78886,STANDARD,Yancey,Medina County,540
76634,STANDARD,Clifton,Bosque County,5870
79527,STANDARD,Ira,Scurry County,470
78024,STANDARD,Hunt,Kerr County,1390
88535,PO BOX,El Paso,El Paso County,0
75567,STANDARD,Maud,Bowie County,3400
75681,STANDARD,Mount Enterprise,Rusk County,2260
78596,STANDARD,Weslaco,Hidalgo County,32650
76258,STANDARD,Pilot Point,Denton County,6840
75838,STANDARD,Donie,Freestone County,510
79512,STANDARD,Colorado City,Mitchell County,5110
77269,PO BOX,Houston,Harris County,773
78007,STANDARD,Calliham,McMullen County,120
78756,STANDARD,Austin,Travis County,6870
88528,PO BOX,El Paso,El Paso County,0
79243,STANDARD,Mcadoo,Dickens County,79
75425,PO BOX,Chicota,Lamar County,137
79560,STANDARD,Sylvester,Fisher County,117
77364,STANDARD,Pointblank,San Jacinto County,1840
88515,PO BOX,El Paso,El Paso County,0
79955,PO BOX,El Paso,El Paso County,99
78207,STANDARD,San Antonio,Bexar County,39910
78112,STANDARD,Elmendorf,Bexar County,7800
77562,STANDARD,Highlands,Harris County,10230
77487,PO BOX,Sugar Land,Fort Bend County,925
77709,PO BOX,Beaumont,Jefferson County,0
76797,UNIQUE,Waco,McLennan County,0
76710,STANDARD,Waco,McLennan County,20770
78838,STANDARD,Concan,Uvalde County,430
78299,PO BOX,San Antonio,Bexar County,169
76693,STANDARD,Wortham,Freestone County,1560
76460,STANDARD,Loving,Young County,380
78010,STANDARD,Center Point,Kerr County,2800
79063,STANDARD,Nazareth,Castro County,690
78224,STANDARD,San Antonio,Bexar County,17250
76001,STANDARD,Arlington,Tarrant County,31050
76939,PO BOX,Knickerbocker,Tom Green County,163
77393,PO BOX,Spring,Harris County,609
77357,STANDARD,New Caney,Montgomery County,21970
75242,STANDARD,Dallas,Dallas County,20
78361,STANDARD,Hebbronville,Jim Hogg County,4510
78780,UNIQUE,Austin,Travis County,0
79768,PO BOX,Odessa,Ector County,1423
78565,PO BOX,Los Ebanos,Hidalgo County,1286
79252,STANDARD,Quanah,Hardeman County,2480
79001,STANDARD,Adrian,Oldham County,240
76267,PO BOX,Slidell,Wise County,285
76679,STANDARD,Purdon,Navarro County,1200
77289,PO BOX,Houston,Harris County,348
75481,STANDARD,Sulphur Bluff,Hopkins County,320
78840,STANDARD,Del Rio,Val Verde County,43660
77377,STANDARD,Tomball,Harris County,35110
78772,UNIQUE,Austin,Travis County,0
88514,PO BOX,El Paso,El Paso County,0
75963,PO BOX,Nacogdoches,Nacogdoches County,2456
75440,STANDARD,Emory,Rains County,5300
78851,STANDARD,Dryden,Terrell County,50
77575,STANDARD,Liberty,Liberty County,13040
76873,STANDARD,Rockwood,Coleman County,38
78266,STANDARD,San Antonio,Comal County,6810
79357,STANDARD,Ralls,Crosby County,1990
77873,STANDARD,Richards,Grimes County,1090
79024,PO BOX,Darrouzett,Lipscomb County,380
75457,STANDARD,Mount Vernon,Franklin County,5610
75943,STANDARD,Douglass,Nacogdoches County,1260
77301,STANDARD,Conroe,Montgomery County,28010
78836,PO BOX,Catarina,Dimmit County,156
76233,STANDARD,Collinsville,Grayson County,2940
78387,STANDARD,Sinton,San Patricio County,8850
78246,PO BOX,San Antonio,Bexar County,462
76491,STANDARD,Woodson,Throckmorton County,380
78393,STANDARD,Woodsboro,Refugio County,2230
79353,STANDARD,Pep,Hockley County,29
76119,STANDARD,Fort Worth,Tarrant County,41930
76310,STANDARD,Wichita Falls,Wichita County,17040
75975,STANDARD,Timpson,Shelby County,2960
75956,STANDARD,Kirbyville,Jasper County,6280
78214,STANDARD,San Antonio,Bexar County,20140
76388,STANDARD,Weinert,Haskell County,217
79411,STANDARD,Lubbock,Lubbock County,5610
77535,STANDARD,Dayton,Liberty County,27420
75121,PO BOX,Copeville,Collin County,575
76653,STANDARD,Kosse,Limestone County,950
78724,STANDARD,Austin,Travis County,22920
77663,PO BOX,Village Mills,Hardin County,1284
77551,STANDARD,Galveston,Galveston County,16880
76190,UNIQUE,Fort Worth,Tarrant County,0
76120,STANDARD,Fort Worth,Tarrant County,15950
76249,STANDARD,Krum,Denton County,8530
88538,PO BOX,El Paso,El Paso County,0
76932,STANDARD,Big Lake,Reagan County,3790
79503,STANDARD,Avoca,Jones County,177
88557,PO BOX,El Paso,El Paso County,0
76015,STANDARD,Arlington,Tarrant County,15860
79851,PO BOX,Sierra Blanca,Hudspeth County,521
78029,PO BOX,Kerrville,Kerr County,2636
79741,STANDARD,Goldsmith,Ector County,360
78880,STANDARD,Rocksprings,Edwards County,1340
75631,STANDARD,Beckville,Panola County,2500
75252,STANDARD,Dallas,Collin County,21910
75243,STANDARD,Dallas,Dallas County,56300
77805,PO BOX,Bryan,Brazos County,2130
78244,STANDARD,San Antonio,Bexar County,30130
77555,UNIQUE,Galveston,Galveston County,173
79364,STANDARD,Slaton,Lubbock County,6750
76577,STANDARD,Thorndale,Milam County,2800
78520,STANDARD,Brownsville,Cameron County,57530
78330,STANDARD,Agua Dulce,Nueces County,930
75124,STANDARD,Eustace,Henderson County,3900
79251,STANDARD,Quail,Collingsworth County,59
77507,STANDARD,Pasadena,Harris County,217
79760,PO BOX,Odessa,Ector County,1803
75453,STANDARD,Lone Oak,Hunt County,2930
75390,UNIQUE,Dallas,Dallas County,15
76261,STANDARD,Ringgold,Montague County,258
75835,STANDARD,Crockett,Houston County,9050
77702,STANDARD,Beaumont,Jefferson County,2560
77014,STANDARD,Houston,Harris County,29620
78371,PO BOX,Oilton,Webb County,289
79835,STANDARD,Canutillo,El Paso County,11640
76108,STANDARD,Fort Worth,Tarrant County,37790
76092,STANDARD,Southlake,Tarrant County,29990
75180,STANDARD,Balch Springs,Dallas County,23110
77064,STANDARD,Houston,Harris County,46510
78229,STANDARD,San Antonio,Bexar County,24550
79553,STANDARD,Stamford,Jones County,2840
78130,STANDARD,New Braunfels,Comal County,64210
75711,PO BOX,Tyler,Smith County,2017
78382,STANDARD,Rockport,Aransas County,14290
79922,STANDARD,El Paso,El Paso County,7710
79430,UNIQUE,Lubbock,Lubbock County,0
76430,STANDARD,Albany,Shackelford County,2180
75782,PO BOX,Poynor,Henderson County,357
76199,UNIQUE,Fort Worth,Tarrant County,0
77419,PO BOX,Blessing,Matagorda County,1375
76065,STANDARD,Midlothian,Ellis County,33310
79045,STANDARD,Hereford,Deaf Smith County,19440
77220,PO BOX,Houston,Harris County,407
75483,PO BOX,Sulphur Springs,Hopkins County,1115
76539,STANDARD,Kempner,Lampasas County,7710
76504,STANDARD,Temple,Bell County,19360
78702,STANDARD,Austin,Travis County,19040
79040,STANDARD,Gruver,Hansford County,1800
78363,STANDARD,Kingsville,Kleberg County,22860
76524,STANDARD,Eddy,McLennan County,2600
79345,STANDARD,Meadow,Terry County,880
76121,PO BOX,Fort Worth,Tarrant County,873
79373,STANDARD,Tahoka,Lynn County,2680
77305,PO BOX,Conroe,Montgomery County,2438
76804,PO BOX,Brownwood,Brown County,1344
76196,UNIQUE,Fort Worth,Tarrant County,0
76266,STANDARD,Sanger,Denton County,13720
75261,PO BOX,Dallas,Tarrant County,550
75764,PO BOX,Gallatin,Cherokee County,269
79927,STANDARD,El Paso,El Paso County,37480
77066,STANDARD,Houston,Harris County,32040
79464,PO BOX,Lubbock,Lubbock County,942
78575,STANDARD,Olmito,Cameron County,4230
76227,STANDARD,Aubrey,Denton County,27410
78732,STANDARD,Austin,Travis County,16320
76708,STANDARD,Waco,McLennan County,23700
75701,STANDARD,Tyler,Smith County,27760
76163,PO BOX,Fort Worth,Tarrant County,610
78616,STANDARD,Dale,Caldwell County,7710
79525,STANDARD,Hawley,Jones County,2730
76842,STANDARD,Fredonia,Mason County,146
75752,STANDARD,Athens,Henderson County,5600
78054,PO BOX,Macdona,Bexar County,584
77230,PO BOX,Houston,Harris County,490
76643,STANDARD,Hewitt,McLennan County,13750
77489,STANDARD,Missouri City,Fort Bend County,35260
77235,PO BOX,Houston,Harris County,368
88582,PO BOX,El Paso,El Paso County,0
77627,STANDARD,Nederland,Jefferson County,21130
76906,PO BOX,San Angelo,Tom Green County,1100
76009,STANDARD,Alvarado,Johnson County,19540
78834,STANDARD,Carrizo Springs,Dimmit County,7550
79929,PO BOX,El Paso,El Paso County,381
75560,STANDARD,Douglassville,Cass County,890
78410,STANDARD,Corpus Christi,Nueces County,23920
79907,STANDARD,El Paso,El Paso County,50080
76522,STANDARD,Copperas Cove,Coryell County,35480
75020,STANDARD,Denison,Grayson County,18950
77207,PO BOX,Houston,Harris County,891
77445,STANDARD,Hempstead,Waller County,11320
77878,PO BOX,Snook,Burleson County,970
75856,STANDARD,Pennington,Trinity County,230
75658,PO BOX,Joinerville,Rusk County,271
77012,STANDARD,Houston,Harris County,18120
79104,STANDARD,Amarillo,Potter County,6860
76448,STANDARD,Eastland,Eastland County,4790
75254,STANDARD,Dallas,Dallas County,22700
78747,STANDARD,Austin,Travis County,17270
76162,PO BOX,Fort Worth,Tarrant County,615
77013,STANDARD,Houston,Harris County,16310
75356,PO BOX,Dallas,Dallas County,283
78662,STANDARD,Red Rock,Bastrop County,2110
75166,STANDARD,Lavon,Collin County,4260
76704,STANDARD,Waco,McLennan County,5650
75041,STANDARD,Garland,Dallas County,31040
77086,STANDARD,Houston,Harris County,27820
77622,STANDARD,Hamshire,Jefferson County,1540
77840,STANDARD,College Station,Brazos County,18610
76354,STANDARD,Burkburnett,Wichita County,10290
75219,STANDARD,Dallas,Dallas County,22420
75763,STANDARD,Frankston,Anderson County,4830
79948,PO BOX,El Paso,El Paso County,91
77838,PO BOX,Chriesman,Burleson County,119
79338,PO BOX,Levelland,Hockley County,197
79401,STANDARD,Lubbock,Lubbock County,2730
75355,PO BOX,Dallas,Dallas County,579
78264,STANDARD,San Antonio,Bexar County,11380
75238,STANDARD,Dallas,Dallas County,29700
78722,STANDARD,Austin,Travis County,5220
75692,STANDARD,Waskom,Harrison County,4580
77280,PO BOX,Houston,Harris County,407
75886,UNIQUE,Tennessee Colony,Anderson County,47
76636,STANDARD,Covington,Hill County,1380
77011,STANDARD,Houston,Harris County,16490
79904,STANDARD,El Paso,El Paso County,29190
79935,STANDARD,El Paso,El Paso County,15260
77580,PO BOX,Mont Belvieu,Chambers County,2626
79008,PO BOX,Borger,Hutchinson County,1164
76259,STANDARD,Ponder,Denton County,4590
79491,UNIQUE,Lubbock,Lubbock County,0
75772,PO BOX,Maydelle,Cherokee County,162
79326,STANDARD,Fieldton,Lamb County,39
75659,PO BOX,Jonesville,Harrison County,226
76463,STANDARD,Mingus,Palo Pinto County,380
88568,PO BOX,El Paso,El Paso County,0
77988,PO BOX,Telferner,Victoria County,738
78569,STANDARD,Lyford,Willacy County,3660
75376,PO BOX,Dallas,Dallas County,838
75110,STANDARD,Corsicana,Navarro County,25790
76660,STANDARD,Malone,Hill County,390
77274,PO BOX,Houston,Harris County,1024
79995,PO BOX,El Paso,El Paso County,851
77204,UNIQUE,Houston,Harris County,22
77902,PO BOX,Victoria,Victoria County,1127
76068,PO BOX,Mineral Wells,Parker County,1263
76621,STANDARD,Abbott,Hill County,1040
75670,STANDARD,Marshall,Harrison County,14840
76102,STANDARD,Fort Worth,Tarrant County,6730
88539,PO BOX,El Paso,El Paso County,0
75564,PO BOX,Lodi,Marion County,148
77522,PO BOX,Baytown,Harris County,3001
75702,STANDARD,Tyler,Smith County,23520
75028,STANDARD,Flower Mound,Denton County,43790
75636,PO BOX,Cason,Morris County,371
77050,STANDARD,Houston,Harris County,4580
77531,STANDARD,Clute,Brazoria County,14410
88569,PO BOX,El Paso,El Paso County,0
76071,STANDARD,Newark,Wise County,3620
78646,PO BOX,Leander,Williamson County,1152
78101,STANDARD,Adkins,Bexar County,7890
78617,STANDARD,Del Valle,Travis County,22050
76666,STANDARD,Mertens,Hill County,230
76370,PO BOX,Megargel,Archer County,295
79057,STANDARD,Mclean,Gray County,950
76525,STANDARD,Evant,Coryell County,880
77430,STANDARD,Damon,Brazoria County,2070
76130,UNIQUE,Fort Worth,Tarrant County,23
75937,STANDARD,Chireno,Nacogdoches County,970
79240,STANDARD,Lelia Lake,Donley County,67
75026,PO BOX,Plano,Collin County,993
76426,STANDARD,Bridgeport,Wise County,10270
75315,PO BOX,Dallas,Dallas County,652
76452,PO BOX,Energy,Comanche County,79
79061,STANDARD,Mobeetie,Wheeler County,340
75760,STANDARD,Cushing,Nacogdoches County,2080
77041,STANDARD,Houston,Harris County,36620
75750,STANDARD,Arp,Smith County,3440
75149,STANDARD,Mesquite,Dallas County,55150
79225,STANDARD,Chillicothe,Hardeman County,870
77089,STANDARD,Houston,Harris County,49140
75052,STANDARD,Grand Prairie,Dallas County,88470
76866,STANDARD,Paint Rock,Concho County,450
77498,STANDARD,Sugar Land,Fort Bend County,47070
76571,STANDARD,Salado,Bell County,7270
79910,STANDARD,El Paso,El Paso County,795
78231,STANDARD,San Antonio,Bexar County,8490
79082,STANDARD,Springlake,Lamb County,260
77076,STANDARD,Houston,Harris County,31000
76380,STANDARD,Seymour,Baylor County,2940
77017,STANDARD,Houston,Harris County,30480
78752,STANDARD,Austin,Travis County,16400
76372,STANDARD,Newcastle,Young County,770
78681,STANDARD,Round Rock,Williamson County,52740
75203,STANDARD,Dallas,Dallas County,13610
75053,PO BOX,Grand Prairie,Dallas County,1604
79343,STANDARD,Lorenzo,Crosby County,1290
77442,STANDARD,Garwood,Colorado County,860
75966,STANDARD,Newton,Newton County,3620
75693,STANDARD,White Oak,Gregg County,6310
79107,STANDARD,Amarillo,Potter County,30460
78291,PO BOX,San Antonio,Bexar County,103
79541,STANDARD,Ovalo,Taylor County,710
76689,STANDARD,Valley Mills,Bosque County,3480
78344,STANDARD,Bruni,Webb County,360
79403,STANDARD,Lubbock,Lubbock County,13610
78682,UNIQUE,Round Rock,Williamson County,46
78063,STANDARD,Pipe Creek,Bandera County,7730
76446,STANDARD,Dublin,Erath County,7330
77563,STANDARD,Hitchcock,Galveston County,8560
78744,STANDARD,Austin,Travis County,43740
78946,STANDARD,Ledbetter,Lee County,940
79916,STANDARD,Fort Bliss,El Paso County,1576
75404,PO BOX,Greenville,Hunt County,745
79124,STANDARD,Amarillo,Potter County,8460
79740,STANDARD,Girvin,Crane County,0
77241,PO BOX,Houston,Harris County,214
78628,STANDARD,Georgetown,Williamson County,27340
75076,STANDARD,Pottsboro,Grayson County,6680
75637,PO BOX,Clayton,Panola County,123
77469,STANDARD,Richmond,Fort Bend County,41140
77632,STANDARD,Orange,Orange County,19320
77256,PO BOX,Houston,Harris County,262
76177,STANDARD,Fort Worth,Tarrant County,11550
78292,PO BOX,San Antonio,Bexar County,47
77631,PO BOX,Orange,Orange County,927
77418,STANDARD,Bellville,Austin County,8810
79533,STANDARD,Lueders,Jones County,520
75976,PO BOX,Wells,Cherokee County,1026
75089,STANDARD,Rowlett,Dallas County,30600
78265,PO BOX,San Antonio,Bexar County,992
75478,STANDARD,Saltillo,Hopkins County,820
76192,UNIQUE,Fort Worth,Tarrant County,0
77334,PO BOX,Dodge,Walker County,561
79223,STANDARD,Cee Vee,Cottle County,18
75039,STANDARD,Irving,Dallas County,15640
76485,PO BOX,Peaster,Parker County,325
78353,STANDARD,Encino,Brooks County,270
77505,STANDARD,Pasadena,Harris County,21470
79968,UNIQUE,El Paso,El Paso County,262
75755,STANDARD,Big Sandy,Upshur County,4550
79547,STANDARD,Rule,Haskell County,600
77833,STANDARD,Brenham,Washington County,23420
79738,STANDARD,Gail,Borden County,310
77465,STANDARD,Palacios,Matagorda County,6650
79235,STANDARD,Floydada,Floyd County,3050
78269,PO BOX,San Antonio,Bexar County,912
78259,STANDARD,San Antonio,Bexar County,25530
76550,STANDARD,Lampasas,Lampasas County,10690
78409,STANDARD,Corpus Christi,Nueces County,2440
75232,STANDARD,Dallas,Dallas County,27800
76566,STANDARD,Purmela,Coryell County,270
78250,STANDARD,San Antonio,Bexar County,52460
79051,PO BOX,Kerrick,Dallam County,51
76559,STANDARD,Nolanville,Bell County,4880
75799,UNIQUE,Tyler,Smith County,0
77857,PO BOX,Gause,Milam County,780
77807,STANDARD,Bryan,Brazos County,8740
76070,STANDARD,Nemo,Somervell County,410
78052,STANDARD,Lytle,Atascosa County,6990
78884,STANDARD,Utopia,Uvalde County,1000
75157,PO BOX,Rosser,Kaufman County,369
76657,STANDARD,Mc Gregor,McLennan County,9490
76943,STANDARD,Ozona,Crockett County,3640
76638,STANDARD,Crawford,McLennan County,2760
78375,STANDARD,Premont,Jim Wells County,2840
78586,STANDARD,San Benito,Cameron County,46250
88513,PO BOX,El Paso,El Paso County,0
77005,STANDARD,Houston,Harris County,22810
76598,UNIQUE,Gatesville,Coryell County,47
75228,STANDARD,Dallas,Dallas County,63990
77262,PO BOX,Houston,Harris County,224
75489,PO BOX,Tom Bean,Grayson County,1249
75007,STANDARD,Carrollton,Denton County,52050
78956,STANDARD,Schulenburg,Fayette County,4740
76265,STANDARD,Saint Jo,Montague County,1440
77561,PO BOX,Hardin,Liberty County,1780
77332,PO BOX,Dallardsville,Polk County,119
75780,PO BOX,New Summerfield,Cherokee County,1053
75187,PO BOX,Mesquite,Dallas County,714
77379,STANDARD,Spring,Harris County,74610
79363,STANDARD,Shallowater,Lubbock County,5420
75087,STANDARD,Rockwall,Rockwall County,32800
77977,PO BOX,Placedo,Victoria County,671
77091,STANDARD,Houston,Harris County,23120
78376,STANDARD,Realitos,Duval County,280
77573,STANDARD,League City,Galveston County,78580
79322,STANDARD,Crosbyton,Crosby County,1590
77047,STANDARD,Houston,Harris County,25690
79103,STANDARD,Amarillo,Potter County,9760
88581,PO BOX,El Paso,El Paso County,0
75638,STANDARD,Daingerfield,Morris County,4580
75021,STANDARD,Denison,Grayson County,7160
79953,PO BOX,El Paso,El Paso County,120
75645,STANDARD,Gilmer,Upshur County,8420
77441,STANDARD,Fulshear,Fort Bend County,13190
79404,STANDARD,Lubbock,Lubbock County,8460
75358,UNIQUE,Dallas,Dallas County,0
78653,STANDARD,Manor,Travis County,19180
78767,PO BOX,Austin,Travis County,702
75980,STANDARD,Zavalla,Angelina County,1940
77244,PO BOX,Houston,Harris County,418
77852,PO BOX,Deanville,Burleson County,222
78042,PO BOX,Laredo,Webb County,1802
79710,PO BOX,Midland,Midland County,865
75024,STANDARD,Plano,Collin County,40070
75791,STANDARD,Whitehouse,Smith County,12370
75267,PO BOX,Dallas,Dallas County,0
76135,STANDARD,Fort Worth,Tarrant County,18310
79854,STANDARD,Valentine,Jeff Davis County,136
79415,STANDARD,Lubbock,Lubbock County,12740
78114,STANDARD,Floresville,Wilson County,18770
76127,STANDARD,Naval Air Station/ Jrb,Tarrant County,430
76122,UNIQUE,Fort Worth,Tarrant County,164
77374,PO BOX,Thicket,Hardin County,421
79339,STANDARD,Littlefield,Lamb County,5970
76363,STANDARD,Goree,Knox County,260
79754,PO BOX,Mentone,Loving County,49
75608,PO BOX,Longview,Gregg County,1479
77233,PO BOX,Houston,Harris County,543
76010,STANDARD,Arlington,Tarrant County,51710
77867,PO BOX,Mumford,Robertson County,139
77021,STANDARD,Houston,Harris County,22860
75127,STANDARD,Fruitvale,Van Zandt County,1370
79601,STANDARD,Abilene,Taylor County,14460
79052,STANDARD,Kress,Swisher County,1040
78109,STANDARD,Converse,Bexar County,41270
78006,STANDARD,Boerne,Kendall County,31860
78774,UNIQUE,Austin,Travis County,0
76865,STANDARD,Norton,Runnels County,122
75606,PO BOX,Longview,Gregg County,1736
75218,STANDARD,Dallas,Dallas County,21490
79355,STANDARD,Plains,Yoakum County,1920
78253,STANDARD,San Antonio,Bexar County,44840
78341,PO BOX,Benavides,Duval County,1670
77880,STANDARD,Washington,Washington County,1660
76018,STANDARD,Arlington,Tarrant County,26900
76129,UNIQUE,Fort Worth,Tarrant County,157
79402,STANDARD,Lubbock,Lubbock County,0
75756,STANDARD,Brownsboro,Henderson County,3640
78670,PO BOX,Staples,Guadalupe County,333
78618,STANDARD,Doss,Gillespie County,210
77660,STANDARD,Spurger,Tyler County,1400
76013,STANDARD,Arlington,Tarrant County,26930
75221,PO BOX,Dallas,Dallas County,281
88521,PO BOX,El Paso,El Paso County,0
79377,STANDARD,Welch,Dawson County,300
77542,PO BOX,Freeport,Brazoria County,694
75834,STANDARD,Centralia,Trinity County,0
79088,STANDARD,Tulia,Swisher County,4430
88595,PO BOX,El Paso,El Paso County,0
79529,STANDARD,Knox City,Knox County,1150
75411,STANDARD,Arthur City,Lamar County,830
75414,STANDARD,Bells,Grayson County,2810
79780,PO BOX,Saragosa,Reeves County,168
77067,STANDARD,Houston,Harris County,29290
76486,STANDARD,Perrin,Jack County,1060
78536,STANDARD,Delmita,Starr County,280
75323,UNIQUE,Dallas,Dallas County,33
77962,STANDARD,Ganado,Jackson County,3730
75013,STANDARD,Allen,Collin County,38880
78735,STANDARD,Austin,Travis County,15460
76238,STANDARD,Era,Cooke County,520
77237,PO BOX,Houston,Harris County,154
77459,STANDARD,Missouri City,Fort Bend County,65570
78750,STANDARD,Austin,Travis County,26730
78156,PO BOX,Seguin,Guadalupe County,1487
78673,PO BOX,Walburg,Williamson County,142
75201,STANDARD,Dallas,Dallas County,10340
77343,UNIQUE,Huntsville,Walker County,12
77353,PO BOX,Magnolia,Montgomery County,1182
75882,UNIQUE,Palestine,Anderson County,11
78046,STANDARD,Laredo,Webb County,63800
77376,PO BOX,Votaw,Hardin County,296
76483,STANDARD,Throckmorton,Throckmorton County,870
75153,STANDARD,Powell,Navarro County,610
79005,STANDARD,Booker,Lipscomb County,1790
76651,STANDARD,Italy,Ellis County,2760
77205,PO BOX,Houston,Harris County,623
77457,PO BOX,Matagorda,Matagorda County,457
79511,STANDARD,Coahoma,Howard County,1360
77039,STANDARD,Houston,Harris County,27630
78013,STANDARD,Comfort,Kendall County,5370
78953,STANDARD,Rosanky,Bastrop County,1010
76073,STANDARD,Paradise,Wise County,5050
78402,STANDARD,Corpus Christi,Nueces County,480
78645,STANDARD,Leander,Travis County,10160
79954,PO BOX,El Paso,El Paso County,52
77476,PO BOX,Simonton,Fort Bend County,1080
75563,STANDARD,Linden,Cass County,3360
77432,STANDARD,Danevang,Wharton County,455
78677,STANDARD,Wrightsboro,Gonzales County,50
75065,STANDARD,Lake Dallas,Denton County,10800
75011,PO BOX,Carrollton,Dallas County,1742
77970,PO BOX,La Ward,Jackson County,327
79561,STANDARD,Trent,Taylor County,590
79830,STANDARD,Alpine,Brewster County,4620
78220,STANDARD,San Antonio,Bexar County,14900
78563,STANDARD,Linn,Hidalgo County,550
75017,PO BOX,Irving,Dallas County,570
77292,PO BOX,Houston,Harris County,806
76459,STANDARD,Jermyn,Jack County,144
78067,STANDARD,San Ygnacio,Zapata County,700
76193,UNIQUE,Fort Worth,Tarrant County,0
77960,PO BOX,Fannin,Goliad County,151
77068,STANDARD,Houston,Harris County,10380
79777,PO BOX,Pyote,Ward County,172
79943,PO BOX,El Paso,El Paso County,141
78944,STANDARD,Industry,Austin County,620
78219,STANDARD,San Antonio,Bexar County,13890
76247,STANDARD,Justin,Denton County,14250
78504,STANDARD,Mcallen,Hidalgo County,46740
76117,STANDARD,Haltom City,Tarrant County,29980
76271,STANDARD,Tioga,Grayson County,1470
77862,PO BOX,Kurten,Brazos County,104
76084,STANDARD,Venus,Johnson County,7530
79383,PO BOX,New Home,Lynn County,371
77434,STANDARD,Eagle Lake,Colorado County,4360
77957,STANDARD,Edna,Jackson County,7900
77460,PO BOX,Nada,Colorado County,278
78954,STANDARD,Round Top,Fayette County,1010
77629,PO BOX,Nome,Jefferson County,726
76140,STANDARD,Fort Worth,Tarrant County,28130
88542,PO BOX,El Paso,El Paso County,0
79168,UNIQUE,Amarillo,Potter County,0
76225,STANDARD,Alvord,Wise County,3010
76711,STANDARD,Waco,McLennan County,8240
75038,STANDARD,Irving,Dallas County,28790
79550,PO BOX,Snyder,Scurry County,1065
88519,PO BOX,El Paso,El Paso County,0
77984,STANDARD,Shiner,Lavaca County,3970
77410,PO BOX,Cypress,Harris County,1063
78872,PO BOX,La Pryor,Zavala County,1641
77090,STANDARD,Houston,Harris County,34430
78132,STANDARD,New Braunfels,Comal County,24830
79236,PO BOX,Guthrie,King County,236
77831,STANDARD,Bedias,Grimes County,2520
75424,STANDARD,Blue Ridge,Collin County,3170
77022,STANDARD,Houston,Harris County,25480
79838,PO BOX,Fabens,El Paso County,8957
77404,PO BOX,Bay City,Matagorda County,1811
79019,STANDARD,Claude,Armstrong County,1610
79749,STANDARD,Lenorah,Martin County,270
76706,STANDARD,Waco,McLennan County,24210
77057,STANDARD,Houston,Harris County,33850
79508,STANDARD,Buffalo Gap,Taylor County,1110
79379,PO BOX,Whiteface,Cochran County,620
76051,STANDARD,Grapevine,Tarrant County,47410
75569,STANDARD,Nash,Bowie County,3130
79452,PO BOX,Lubbock,Lubbock County,671
79027,STANDARD,Dimmitt,Castro County,4590
75392,UNIQUE,Dallas,Dallas County,0
77253,PO BOX,Houston,Harris County,279
76465,PO BOX,Morgan Mill,Erath County,299
78942,STANDARD,Giddings,Lee County,8890
75766,STANDARD,Jacksonville,Cherokee County,23770
76240,STANDARD,Gainesville,Cooke County,23680
78364,PO BOX,Kingsville,Kleberg County,1900
76402,UNIQUE,Stephenville,Erath County,93
75208,STANDARD,Dallas,Dallas County,29360
77452,PO BOX,Kenney,Austin County,222
79095,STANDARD,Wellington,Collingsworth County,2300
77478,STANDARD,Sugar Land,Fort Bend County,24220
76085,STANDARD,Weatherford,Parker County,10260
77218,PO BOX,Houston,Harris County,355
75029,PO BOX,Lewisville,Denton County,1074
76351,PO BOX,Archer City,Archer County,1720
75607,PO BOX,Longview,Gregg County,1897
79506,STANDARD,Blackwell,Nolan County,510
78871,PO BOX,Langtry,Val Verde County,55
78124,STANDARD,Marion,Guadalupe County,5540
75685,PO BOX,Panola,Panola County,313
75342,STANDARD,Dallas,Dallas County,100
77521,STANDARD,Baytown,Harris County,52730
76654,PO BOX,Leroy,McLennan County,217
76111,STANDARD,Fort Worth,Tarrant County,21680
76366,STANDARD,Holliday,Archer County,1960
76801,STANDARD,Brownwood,Brown County,19880
76884,STANDARD,Valera,Coleman County,167
75901,STANDARD,Lufkin,Angelina County,24930
79947,PO BOX,El Paso,El Paso County,110
88543,PO BOX,El Paso,El Paso County,0
79831,PO BOX,Alpine,Brewster County,1976
77577,STANDARD,Liverpool,Brazoria County,1160
78723,STANDARD,Austin,Travis County,27880
78549,PO BOX,Hargill,Hidalgo County,1006
77335,STANDARD,Goodrich,Polk County,1750
78611,STANDARD,Burnet,Burnet County,11640
78472,PO BOX,Corpus Christi,Nueces County,289
77375,STANDARD,Tomball,Harris County,46140
76630,STANDARD,Bruceville,McLennan County,1550
77571,STANDARD,La Porte,Harris County,34190
78725,STANDARD,Austin,Travis County,7350
78582,STANDARD,Rio Grande City,Starr County,34350
78251,STANDARD,San Antonio,Bexar County,51420
75075,STANDARD,Plano,Collin County,32620
75081,STANDARD,Richardson,Dallas County,34030
76011,STANDARD,Arlington,Tarrant County,20970
78385,PO BOX,Sarita,Kenedy County,279
79914,PO BOX,El Paso,El Paso County,387
79510,STANDARD,Clyde,Callahan County,6960
78061,STANDARD,Pearsall,Frio County,8570
78252,STANDARD,San Antonio,Bexar County,8470
76798,STANDARD,Waco,McLennan County,94
76624,STANDARD,Axtell,McLennan County,2130
76401,STANDARD,Stephenville,Erath County,20610
78621,STANDARD,Elgin,Bastrop County,21410
76054,STANDARD,Hurst,Tarrant County,12080
79704,PO BOX,Midland,Midland County,751
88546,PO BOX,El Paso,El Paso County,0
75235,STANDARD,Dallas,Dallas County,16360
77236,PO BOX,Houston,Harris County,485
75784,STANDARD,Reklaw,Cherokee County,580
76209,STANDARD,Denton,Denton County,22790
78066,STANDARD,Rio Medina,Medina County,620
76104,STANDARD,Fort Worth,Tarrant County,15350
76715,PO BOX,Waco,McLennan County,785
77052,PO BOX,Houston,Harris County,498
75270,STANDARD,Dallas,Dallas County,42
76035,STANDARD,Cresson,Parker County,1530
78635,STANDARD,Hye,Blanco County,108
76432,STANDARD,Blanket,Brown County,1130
78202,STANDARD,San Antonio,Bexar County,9370
75019,STANDARD,Coppell,Dallas County,42580
77437,STANDARD,El Campo,Wharton County,16610
75152,STANDARD,Palmer,Ellis County,4710
78614,STANDARD,Cost,Gonzales County,490
76864,STANDARD,Mullin,Mills County,590
76155,STANDARD,Fort Worth,Tarrant County,4100
76469,PO BOX,Putnam,Callahan County,78
78407,STANDARD,Corpus Christi,Nueces County,2290
78204,STANDARD,San Antonio,Bexar County,9500
78133,STANDARD,Canyon Lake,Comal County,15360
77701,STANDARD,Beaumont,Jefferson County,11850
79108,STANDARD,Amarillo,Potter County,10670
77523,STANDARD,Baytown,Chambers County,20410
79713,STANDARD,Ackerly,Martin County,640
77385,STANDARD,Conroe,Montgomery County,21810
77983,STANDARD,Seadrift,Calhoun County,1850
78065,STANDARD,Poteet,Atascosa County,9580
75485,PO BOX,Westminster,Collin County,314
78538,STANDARD,Edcouch,Hidalgo County,9620
79607,STANDARD,Dyess Afb,Taylor County,2750
75138,PO BOX,Duncanville,Dallas County,1513
76374,STANDARD,Olney,Young County,3400
77257,PO BOX,Houston,Harris County,830
78380,STANDARD,Robstown,Nueces County,19730
75450,STANDARD,Lake Creek,Delta County,200
77399,UNIQUE,Livingston,Polk County,12956
75156,STANDARD,Mabank,Henderson County,11130
77560,STANDARD,Hankamer,Chambers County,960
78060,STANDARD,Oakville,Live Oak County,49
75417,STANDARD,Bogata,Red River County,1990
78480,PO BOX,Corpus Christi,Nueces County,800
79608,PO BOX,Abilene,Taylor County,1270
76133,STANDARD,Fort Worth,Tarrant County,46660
76450,STANDARD,Graham,Young County,12030
77497,PO BOX,Stafford,Fort Bend County,1056
75409,STANDARD,Anna,Collin County,14220
75845,STANDARD,Groveton,Trinity County,2200
78537,STANDARD,Donna,Hidalgo County,37100
76858,STANDARD,Melvin,McCulloch County,230
79059,STANDARD,Miami,Roberts County,740
77876,PO BOX,Shiro,Grimes County,384
78070,STANDARD,Spring Branch,Comal County,15150
79980,UNIQUE,El Paso,El Paso County,0
77550,STANDARD,Galveston,Galveston County,17910
75462,STANDARD,Paris,Lamar County,10130
76118,STANDARD,Fort Worth,Tarrant County,14550
75503,STANDARD,Texarkana,Bowie County,22290
78703,STANDARD,Austin,Travis County,18330
78847,UNIQUE,Del Rio,Val Verde County,0
75644,STANDARD,Gilmer,Upshur County,10300
75654,STANDARD,Henderson,Rusk County,10830
79951,PO BOX,El Paso,El Paso County,116
78062,PO BOX,Peggy,Atascosa County,0
79256,STANDARD,Roaring Springs,Motley County,200
76252,STANDARD,Muenster,Cooke County,2900
77449,STANDARD,Katy,Harris County,105950
78660,STANDARD,Pflugerville,Travis County,78440
75370,PO BOX,Dallas,Dallas County,1105
78745,STANDARD,Austin,Travis County,51280
78261,STANDARD,San Antonio,Bexar County,19920
77340,STANDARD,Huntsville,Walker County,18260
88579,PO BOX,El Paso,El Paso County,0
78401,STANDARD,Corpus Christi,Nueces County,2770
88553,PO BOX,El Paso,El Paso County,0
76020,STANDARD,Azle,Tarrant County,24450
76487,STANDARD,Poolville,Parker County,2150
75063,STANDARD,Irving,Dallas County,37680
77458,PO BOX,Midfield,Matagorda County,353
78742,STANDARD,Austin,Travis County,750
77971,STANDARD,Lolita,Jackson County,930
79381,STANDARD,Wilson,Lynn County,1060
77326,PO BOX,Ace,Polk County,374
76250,STANDARD,Lindsay,Cooke County,1230
78961,PO BOX,Warrenton,Fayette County,0
79786,PO BOX,Toyahvale,Reeves County,29
78591,STANDARD,Santa Elena,Starr County,250
78208,STANDARD,San Antonio,Bexar County,3670
78640,STANDARD,Kyle,Hays County,48090
77515,STANDARD,Angleton,Brazoria County,25450
79998,PO BOX,El Paso,El Paso County,0
79039,STANDARD,Groom,Carson County,690
79714,STANDARD,Andrews,Andrews County,17350
78578,STANDARD,Port Isabel,Cameron County,9400
77049,STANDARD,Houston,Harris County,32110
75902,PO BOX,Lufkin,Angelina County,1249
75118,PO BOX,Elmo,Kaufman County,246
76004,PO BOX,Arlington,Tarrant County,856
75245,STANDARD,Dallas,Dallas County,66
77619,STANDARD,Groves,Jefferson County,15400
78104,PO BOX,Beeville,Bee County,2511
79834,PO BOX,Big Bend National Park,Brewster County,208
75771,STANDARD,Lindale,Smith County,18080
78541,STANDARD,Edinburg,Hidalgo County,33600
77073,STANDARD,Houston,Harris County,40070
76379,STANDARD,Scotland,Archer County,450
76436,STANDARD,Carlton,Hamilton County,180
78340,STANDARD,Bayside,Refugio County,370
78383,STANDARD,Sandia,Jim Wells County,3220
75050,STANDARD,Grand Prairie,Dallas County,40200
76443,STANDARD,Cross Plains,Callahan County,1590
75968,STANDARD,Pineland,Sabine County,1590
77026,STANDARD,Houston,Harris County,20540
79457,UNIQUE,Lubbock,Lubbock County,0
77592,PO BOX,Texas City,Galveston County,1597
75088,STANDARD,Rowlett,Dallas County,24100
78217,STANDARD,San Antonio,Bexar County,30080
75694,PO BOX,Woodlawn,Harrison County,378
78335,PO BOX,Aransas Pass,Nueces County,2158
75393,UNIQUE,Dallas,Dallas County,0
77288,PO BOX,Houston,Harris County,386
78931,STANDARD,Bleiblerville,Austin County,240
76197,UNIQUE,Fort Worth,Tarrant County,0
75977,STANDARD,Wiergate,Newton County,510
77031,STANDARD,Houston,Harris County,14470
76687,STANDARD,Thornton,Limestone County,1220
79785,PO BOX,Toyah,Reeves County,58
76007,PO BOX,Arlington,Tarrant County,801
78583,STANDARD,Rio Hondo,Cameron County,5520
77566,STANDARD,Lake Jackson,Brazoria County,28660
79730,PO BOX,Coyanosa,Pecos County,218
77347,PO BOX,Humble,Harris County,1578
78059,STANDARD,Natalia,Medina County,4630
75790,STANDARD,Van,Van Zandt County,4370
75556,STANDARD,Bloomburg,Cass County,1140
76855,PO BOX,Lowake,Concho County,19
77083,STANDARD,Houston,Harris County,69940
75106,PO BOX,Cedar Hill,Dallas County,1480
79505,STANDARD,Benjamin,Knox County,250
75948,STANDARD,Hemphill,Sabine County,4630
78748,STANDARD,Austin,Travis County,43440
76955,STANDARD,Vancourt,Tom Green County,132
77344,UNIQUE,Huntsville,Walker County,0
88554,PO BOX,El Paso,El Paso County,0
76052,STANDARD,Haslet,Tarrant County,18960
76150,STANDARD,Fort Worth,Tarrant County,0
79846,PO BOX,Redford,Presidio County,77
75172,STANDARD,Wilmer,Dallas County,4080
77533,PO BOX,Daisetta,Liberty County,972
88523,PO BOX,El Paso,El Paso County,0
76667,STANDARD,Mexia,Limestone County,10120
76854,STANDARD,London,Kimble County,250
79930,STANDARD,El Paso,El Paso County,23030
79602,STANDARD,Abilene,Taylor County,20590
77530,STANDARD,Channelview,Harris County,32090
88516,PO BOX,El Paso,El Paso County,0
77475,PO BOX,Sheridan,Colorado County,765
78209,STANDARD,San Antonio,Bexar County,35010
79493,PO BOX,Lubbock,Lubbock County,1078
75263,PO BOX,Dallas,Dallas County,0
88556,PO BOX,El Paso,El Paso County,0
77905,STANDARD,Victoria,Victoria County,13720
77856,STANDARD,Franklin,Robertson County,4130
75265,PO BOX,Dallas,Dallas County,57
77048,STANDARD,Houston,Harris County,14740
79990,PO BOX,El Paso,El Paso County,0
77455,STANDARD,Louise,Wharton County,1790
79084,STANDARD,Stratford,Sherman County,2350
76272,STANDARD,Valley View,Cooke County,4420
77710,PO BOX,Beaumont,Jefferson County,128
77444,STANDARD,Guy,Fort Bend County,770
79070,STANDARD,Perryton,Ochiltree County,11080
78877,STANDARD,Quemado,Maverick County,810
76179,STANDARD,Fort Worth,Tarrant County,53290
79423,STANDARD,Lubbock,Lubbock County,33260
88561,PO BOX,El Paso,El Paso County,0
77268,PO BOX,Houston,Harris County,754
78624,STANDARD,Fredericksburg,Gillespie County,20470
76040,STANDARD,Euless,Tarrant County,28310
78256,STANDARD,San Antonio,Bexar County,6950
75169,STANDARD,Wills Point,Van Zandt County,12390
77060,STANDARD,Houston,Harris County,38160
75473,STANDARD,Powderly,Lamar County,3180
76148,STANDARD,Fort Worth,Tarrant County,22770
77496,PO BOX,Sugar Land,Fort Bend County,593
76014,STANDARD,Arlington,Tarrant County,34050
79185,UNIQUE,Amarillo,Potter County,0
88530,PO BOX,El Paso,El Paso County,0
76941,STANDARD,Mertzon,Irion County,1250
75077,STANDARD,Lewisville,Denton County,35550
78426,PO BOX,Corpus Christi,Nueces County,703
77520,STANDARD,Baytown,Harris County,36790
77266,PO BOX,Houston,Harris County,562
76629,STANDARD,Bremond,Robertson County,1720
78373,STANDARD,Port Aransas,Nueces County,3530
79565,STANDARD,Westbrook,Mitchell County,390
78002,STANDARD,Atascosa,Bexar County,6860
77844,PO BOX,College Station,Brazos County,262
78751,STANDARD,Austin,Travis County,10630
75357,PO BOX,Dallas,Dallas County,713
76648,STANDARD,Hubbard,Hill County,2060
77042,STANDARD,Houston,Harris County,36850
76059,STANDARD,Keene,Johnson County,4200
79778,PO BOX,Rankin,Upton County,803
79239,STANDARD,Lakeview,Hall County,167
78952,PO BOX,Plum,Fayette County,182
77508,PO BOX,Pasadena,Harris County,968
79058,STANDARD,Masterson,Potter County,21
77004,STANDARD,Houston,Harris County,21380
78629,STANDARD,Gonzales,Gonzales County,11110
75099,UNIQUE,Coppell,Dallas County,0
76691,STANDARD,West,McLennan County,5730
77553,PO BOX,Galveston,Galveston County,1043
75182,STANDARD,Sunnyvale,Dallas County,6380
76449,STANDARD,Graford,Palo Pinto County,1850
75247,STANDARD,Dallas,Dallas County,890
78413,STANDARD,Corpus Christi,Nueces County,33500
78960,PO BOX,Warda,Fayette County,161
75217,STANDARD,Dallas,Dallas County,81980
76116,STANDARD,Fort Worth,Tarrant County,42910
77025,STANDARD,Houston,Harris County,23050
78475,STANDARD,Corpus Christi,Nueces County,41
76702,PO BOX,Waco,McLennan County,896
76021,STANDARD,Bedford,Tarrant County,32680
76957,STANDARD,Wall,Tom Green County,400
77219,PO BOX,Houston,Harris County,708
78131,PO BOX,New Braunfels,Comal County,1911
78570,STANDARD,Mercedes,Hidalgo County,28710
79172,UNIQUE,Amarillo,Potter County,0
79092,STANDARD,Vega,Oldham County,1090
79548,STANDARD,Rule,Haskell County,164
79731,STANDARD,Crane,Crane County,4780
77223,PO BOX,Houston,Harris County,636
78850,STANDARD,D Hanis,Medina County,1100
78355,STANDARD,Falfurrias,Brooks County,6200
79011,STANDARD,Briscoe,Wheeler County,210
76166,UNIQUE,Fort Worth,Tarrant County,0
76067,STANDARD,Mineral Wells,Palo Pinto County,16750
79563,STANDARD,Tye,Taylor County,1120
78718,PO BOX,Austin,Travis County,292
77412,PO BOX,Altair,Colorado County,233
79424,STANDARD,Lubbock,Lubbock County,42380
78669,STANDARD,Spicewood,Travis County,9240
78852,STANDARD,Eagle Pass,Maverick County,49310
79752,STANDARD,Mc Camey,Upton County,2160
75930,STANDARD,Bronson,Sabine County,1370
78881,STANDARD,Sabinal,Uvalde County,2000
79911,STANDARD,El Paso,El Paso County,4300
78221,STANDARD,San Antonio,Bexar County,32890
78343,STANDARD,Bishop,Nueces County,3940
79078,PO BOX,Sanford,Hutchinson County,361
76064,STANDARD,Maypearl,Ellis County,1910
78465,PO BOX,Corpus Christi,Nueces County,560
79545,STANDARD,Roscoe,Nolan County,1700
78212,STANDARD,San Antonio,Bexar County,21690
76008,STANDARD,Aledo,Parker County,15870
78050,PO BOX,Leming,Atascosa County,1172
76803,PO BOX,Brownwood,Brown County,370
77803,STANDARD,Bryan,Brazos County,27760
78843,STANDARD,Laughlin A F B,Val Verde County,397
75397,UNIQUE,Dallas,Dallas County,0
75713,PO BOX,Tyler,Smith County,1551
77626,PO BOX,Mauriceville,Orange County,1664
78057,STANDARD,Moore,Frio County,980
76481,STANDARD,South Bend,Young County,166
78009,STANDARD,Castroville,Medina County,7340
76063,STANDARD,Mansfield,Tarrant County,65860
76885,STANDARD,Valley Spring,Llano County,152
78711,PO BOX,Austin,Travis County,401
76627,STANDARD,Blum,Hill County,1420
79054,PO BOX,Lefors,Gray County,604
75046,PO BOX,Garland,Dallas County,797
77611,STANDARD,Bridge City,Orange County,8980
79012,PO BOX,Bushland,Potter County,1190
78159,STANDARD,Smiley,Gonzales County,860
79407,STANDARD,Lubbock,Lubbock County,16020
78680,PO BOX,Round Rock,Williamson County,1062
78717,STANDARD,Austin,Williamson County,28170
78076,STANDARD,Zapata,Zapata County,11170
76302,STANDARD,Wichita Falls,Wichita County,10270
78215,STANDARD,San Antonio,Bexar County,1730
76520,STANDARD,Cameron,Milam County,6940
76016,STANDARD,Arlington,Tarrant County,29890
88558,PO BOX,El Paso,El Paso County,0
78284,STANDARD,San Antonio,Bexar County,0
76641,STANDARD,Frost,Navarro County,1500
78789,UNIQUE,Austin,Travis County,0
88517,PO BOX,El Paso,El Paso County,0
79029,STANDARD,Dumas,Moore County,16280
78676,STANDARD,Wimberley,Hays County,12270
76437,STANDARD,Cisco,Eastland County,4470
76888,STANDARD,Voss,Coleman County,83
77578,STANDARD,Manvel,Brazoria County,16600
75085,PO BOX,Richardson,Dallas County,523
76468,PO BOX,Proctor,Comanche County,250
79999,PO BOX,El Paso,El Paso County,0
75025,STANDARD,Plano,Collin County,52370
79329,STANDARD,Idalou,Lubbock County,3100
76427,STANDARD,Bryson,Jack County,670
79839,STANDARD,Fort Hancock,Hudspeth County,1560
79098,STANDARD,Wildorado,Oldham County,410
79739,STANDARD,Garden City,Glasscock County,1080
77356,STANDARD,Montgomery,Montgomery County,26630
75416,STANDARD,Blossom,Lamar County,2690
78827,STANDARD,Asherton,Dimmit County,1220
75568,STANDARD,Naples,Morris County,2340
75880,UNIQUE,Tennessee Colony,Anderson County,18
76307,PO BOX,Wichita Falls,Wichita County,974
77517,STANDARD,Santa Fe,Galveston County,5470
78218,STANDARD,San Antonio,Bexar County,29730
77612,STANDARD,Buna,Jasper County,7720
78417,STANDARD,Corpus Christi,Nueces County,4020
79944,PO BOX,El Paso,El Paso County,93
79091,PO BOX,Umbarger,Randall County,147
78757,STANDARD,Austin,Travis County,19900
78230,STANDARD,San Antonio,Bexar County,36540
79706,STANDARD,Midland,Midland County,23890
79034,STANDARD,Follett,Lipscomb County,690
75962,UNIQUE,Nacogdoches,Nacogdoches County,369
77009,STANDARD,Houston,Harris County,33280
79416,STANDARD,Lubbock,Lubbock County,27020
78730,STANDARD,Austin,Travis County,8390
77099,STANDARD,Houston,Harris County,44630
78058,STANDARD,Mountain Home,Kerr County,990
75378,PO BOX,Dallas,Dallas County,33
75224,STANDARD,Dallas,Dallas County,31390
78332,STANDARD,Alice,Jim Wells County,24020
78949,STANDARD,Muldoon,Fayette County,400
79044,STANDARD,Hartley,Hartley County,790
77488,STANDARD,Wharton,Wharton County,12150
77387,PO BOX,Spring,Harris County,1164
79085,STANDARD,Summerfield,Castro County,61
79261,STANDARD,Turkey,Hall County,340
78359,PO BOX,Gregory,San Patricio County,2165
77093,STANDARD,Houston,Harris County,44680
76556,STANDARD,Milano,Milam County,1320
76949,STANDARD,Silver,Coke County,0
78016,STANDARD,Devine,Medina County,9000
75496,STANDARD,Wolfe City,Hunt County,2730
75043,STANDARD,Garland,Dallas County,57640
75865,PO BOX,Woodlake,Trinity County,142
77331,STANDARD,Coldspring,San Jacinto County,5340
78233,STANDARD,San Antonio,Bexar County,42750
79502,STANDARD,Aspermont,Stonewall County,1060
76371,STANDARD,Munday,Knox County,1520
79697,UNIQUE,Abilene,Taylor County,40
76044,STANDARD,Godley,Johnson County,3770
76874,STANDARD,Roosevelt,Kimble County,64
75959,STANDARD,Milam,Sabine County,690
78935,STANDARD,Alleyton,Colorado County,820
78769,PO BOX,Austin,Travis County,0
78288,UNIQUE,San Antonio,Bexar County,84
78022,STANDARD,George West,Live Oak County,4510
75683,STANDARD,Ore City,Upshur County,3210
76836,STANDARD,Doole,McCulloch County,45
78298,PO BOX,San Antonio,Bexar County,29
77358,STANDARD,New Waverly,Walker County,4500
78389,STANDARD,Skidmore,Bee County,1670
77643,PO BOX,Port Arthur,Jefferson County,333
73344,UNIQUE,Austin,Travis County,0
79336,STANDARD,Levelland,Hockley County,14480
76682,STANDARD,Riesel,McLennan County,2540
77473,PO BOX,San Felipe,Austin County,490
79770,PO BOX,Orla,Reeves County,38
79035,STANDARD,Friona,Parmer County,5600
76935,STANDARD,Christoval,Tom Green County,1630
77456,PO BOX,Markham,Matagorda County,1236
75033,STANDARD,Frisco,Collin County,0
75494,STANDARD,Winnsboro,Wood County,8940
79174,UNIQUE,Amarillo,Potter County,0
77088,STANDARD,Houston,Harris County,51360
76201,STANDARD,Denton,Denton County,13330
76245,STANDARD,Gordonville,Grayson County,1400
79325,STANDARD,Farwell,Parmer County,1990
77423,STANDARD,Brookshire,Waller County,10880
77378,STANDARD,Willis,Montgomery County,15780
76505,PO BOX,Temple,Bell County,774
75015,PO BOX,Irving,Dallas County,1123
75398,STANDARD,Dallas,Dallas County,0
77866,PO BOX,Millican,Brazos County,383
77871,STANDARD,Normangee,Leon County,3090
78005,STANDARD,Bigfoot,Frio County,660
76137,STANDARD,Fort Worth,Tarrant County,54750
76537,STANDARD,Jarrell,Williamson County,6130
78206,STANDARD,San Antonio,Bexar County,0
77583,STANDARD,Rosharon,Brazoria County,23230
76890,STANDARD,Zephyr,Brown County,790
77386,STANDARD,Spring,Montgomery County,47760
77964,STANDARD,Hallettsville,Lavaca County,7170
77453,PO BOX,Lane City,Wharton County,400
77468,STANDARD,Pledger,Matagorda County,200
79105,PO BOX,Amarillo,Moore County,1174
75853,STANDARD,Montalba,Anderson County,850
76101,PO BOX,Fort Worth,Tarrant County,612
78873,STANDARD,Leakey,Real County,1490
79932,STANDARD,El Paso,El Paso County,25330
75944,STANDARD,Etoile,Nacogdoches County,1040
77598,STANDARD,Webster,Harris County,20100
75561,STANDARD,Hooks,Bowie County,4640
75154,STANDARD,Red Oak,Ellis County,37570
78585,PO BOX,Salineno,Starr County,241
75792,STANDARD,Winona,Smith County,2930
76198,UNIQUE,Fort Worth,Tarrant County,0
78714,PO BOX,Austin,Travis County,1176
77995,STANDARD,Yoakum,Lavaca County,8820
77581,STANDARD,Pearland,Brazoria County,43350
78118,STANDARD,Karnes City,Karnes County,3930
79566,STANDARD,Wingate,Taylor County,230
77384,STANDARD,Conroe,Montgomery County,14770
76005,PO BOX,Arlington,Tarrant County,404
78228,STANDARD,San Antonio,Bexar County,51460
75572,STANDARD,Queen City,Cass County,3060
75044,STANDARD,Garland,Dallas County,40270
77413,PO BOX,Barker,Harris County,224
75708,STANDARD,Tyler,Smith County,6860
79372,PO BOX,Sundown,Hockley County,1530
78028,STANDARD,Kerrville,Kerr County,32280
88587,PO BOX,El Paso,El Paso County,0
75672,STANDARD,Marshall,Harrison County,14340
75964,STANDARD,Nacogdoches,Nacogdoches County,16630
75960,STANDARD,Moscow,Polk County,800
78778,UNIQUE,Austin,Travis County,0
78516,STANDARD,Alamo,Hidalgo County,28010
78064,STANDARD,Pleasanton,Atascosa County,13470
78505,PO BOX,Mcallen,Hidalgo County,2475
78597,STANDARD,South Padre Island,Cameron County,2180
78755,PO BOX,Austin,Travis County,763
78934,STANDARD,Columbus,Colorado County,6310
75286,UNIQUE,Dallas,Dallas County,20
75418,STANDARD,Bonham,Fannin County,9770
77545,STANDARD,Fresno,Fort Bend County,21870
76714,PO BOX,Waco,McLennan County,692
77206,PO BOX,Houston,Harris County,263
75456,PO BOX,Mount Pleasant,Titus County,2288
75371,PO BOX,Dallas,Dallas County,185
77534,STANDARD,Danbury,Brazoria County,2970
78719,STANDARD,Austin,Travis County,1820
75262,PO BOX,Dallas,Dallas County,0
79080,STANDARD,Skellytown,Carson County,430
78162,PO BOX,Tuleta,Bee County,373
78612,STANDARD,Cedar Creek,Bastrop County,12470
77056,STANDARD,Houston,Harris County,18590
75395,UNIQUE,Dallas,Dallas County,0
76112,STANDARD,Fort Worth,Tarrant County,37080
77318,STANDARD,Willis,Montgomery County,13890
75126,STANDARD,Forney,Kaufman County,40870
75707,STANDARD,Tyler,Smith County,13280
75849,PO BOX,Latexo,Houston County,417
79758,STANDARD,Gardendale,Ector County,2830
75550,STANDARD,Annona,Red River County,660
77037,STANDARD,Houston,Harris County,19360
75394,UNIQUE,Dallas,Dallas County,0
79358,STANDARD,Ropesville,Hockley County,1060
78210,STANDARD,San Antonio,Bexar County,30780
75001,STANDARD,Addison,Dallas County,14070
75151,PO BOX,Corsicana,Navarro County,1432
75160,STANDARD,Terrell,Kaufman County,22350
78572,STANDARD,Mission,Hidalgo County,63780
76389,STANDARD,Windthorst,Archer County,1320
75788,PO BOX,Sacul,Nacogdoches County,111
77380,STANDARD,Spring,Montgomery County,22880
79007,STANDARD,Borger,Hutchinson County,12590
77519,STANDARD,Batson,Hardin County,980
77436,PO BOX,Egypt,Wharton County,187
75373,UNIQUE,Dallas,Dallas County,0
75770,STANDARD,Larue,Henderson County,2230
79086,STANDARD,Sunray,Moore County,1990
75062,STANDARD,Irving,Dallas County,46710
76365,STANDARD,Henrietta,Clay County,4100
75686,STANDARD,Pittsburg,Camp County,11670
77084,STANDARD,Houston,Harris County,98370
78576,STANDARD,Penitas,Hidalgo County,10100
76031,STANDARD,Cleburne,Johnson County,15290
78368,STANDARD,Mathis,San Patricio County,8370
75442,STANDARD,Farmersville,Collin County,8350
77215,PO BOX,Houston,Harris County,666
78938,STANDARD,Ellinger,Fayette County,360
75284,UNIQUE,Dallas,Dallas County,21
76845,STANDARD,Gouldbusk,Coleman County,130
77254,PO BOX,Houston,Harris County,428
77251,PO BOX,Houston,Harris County,556
77574,PO BOX,League City,Galveston County,1271
76573,PO BOX,Schwertner,Williamson County,86
78040,STANDARD,Laredo,Webb County,38260
75491,STANDARD,Whitewright,Grayson County,4230
77881,PO BOX,Wellborn,Brazos County,341
75158,STANDARD,Scurry,Kaufman County,4250
76832,STANDARD,Cherokee,San Saba County,500
76110,STANDARD,Fort Worth,Tarrant County,28870
79517,STANDARD,Fluvanna,Scurry County,182
77259,PO BOX,Houston,Harris County,415
77808,STANDARD,Bryan,Brazos County,11720
78254,STANDARD,San Antonio,Bexar County,50590
75942,PO BOX,Doucette,Tyler County,371
77623,STANDARD,High Island,Galveston County,335
79934,STANDARD,El Paso,El Paso County,24380
78733,STANDARD,Austin,Travis County,8950
75103,STANDARD,Canton,Van Zandt County,11640
76181,PO BOX,Fort Worth,Tarrant County,106
78853,PO BOX,Eagle Pass,Maverick County,11336
76098,PO BOX,Azle,Tarrant County,1418
78255,STANDARD,San Antonio,Bexar County,14350
77249,PO BOX,Houston,Harris County,526
75006,STANDARD,Carrollton,Dallas County,48450
75101,PO BOX,Bardwell,Ellis County,738
77001,PO BOX,Houston,Harris County,575
78115,PO BOX,Geronimo,Guadalupe County,419
78739,STANDARD,Austin,Travis County,18860
78768,PO BOX,Austin,Travis County,824
76861,STANDARD,Miles,Runnels County,2000
77010,STANDARD,Houston,Harris County,700
77325,PO BOX,Kingwood,Harris County,783
76945,STANDARD,Robert Lee,Coke County,1500
76637,STANDARD,Cranfills Gap,Bosque County,430
78737,STANDARD,Austin,Hays County,16010
78626,STANDARD,Georgetown,Williamson County,25100
75652,STANDARD,Henderson,Rusk County,10940
77705,STANDARD,Beaumont,Jefferson County,22770
75507,UNIQUE,Texarkana,Bowie County,0
76226,STANDARD,Argyle,Denton County,22740
75862,STANDARD,Trinity,Trinity County,7810
77707,STANDARD,Beaumont,Jefferson County,15730
79606,STANDARD,Abilene,Taylor County,22840
78749,STANDARD,Austin,Travis County,32880
77072,STANDARD,Houston,Harris County,54080
78362,STANDARD,Ingleside,San Patricio County,9470
75097,PO BOX,Weston,Collin County,280
79410,STANDARD,Lubbock,Lubbock County,5610
77868,STANDARD,Navasota,Grimes County,12280
76455,STANDARD,Gustine,Comanche County,840
75660,PO BOX,Judson,Gregg County,484
77978,PO BOX,Point Comfort,Calhoun County,770
75653,PO BOX,Henderson,Rusk County,1660
79902,STANDARD,El Paso,El Paso County,17550
76701,STANDARD,Waco,McLennan County,1130
77213,PO BOX,Houston,Harris County,616
79776,PO BOX,Penwell,Ector County,21
79166,UNIQUE,Amarillo,Potter County,0
78008,STANDARD,Campbellton,Atascosa County,260
79763,STANDARD,Odessa,Ector County,36020
76690,STANDARD,Walnut Springs,Bosque County,1060
79042,STANDARD,Happy,Swisher County,970
77201,STANDARD,Houston,Harris County,0
77248,PO BOX,Houston,Harris County,274
77291,PO BOX,Houston,Harris County,339
76664,STANDARD,Mart,McLennan County,2660
77485,STANDARD,Wallis,Austin County,2960
78151,STANDARD,Runge,Karnes County,1320
76273,STANDARD,Whitesboro,Grayson County,8170
75248,STANDARD,Dallas,Dallas County,33270
75420,STANDARD,Brashear,Hopkins County,990
79056,STANDARD,Lipscomb,Lipscomb County,49
78643,STANDARD,Llano,Llano County,5430
75080,STANDARD,Richardson,Dallas County,40270
78841,PO BOX,Del Rio,Val Verde County,2135
75287,STANDARD,Dallas,Denton County,48340
75429,PO BOX,Commerce,Hunt County,999
78227,STANDARD,San Antonio,Bexar County,42240
88560,PO BOX,El Paso,El Paso County,0
78729,STANDARD,Austin,Williamson County,26280
88584,PO BOX,El Paso,El Paso County,0
78759,STANDARD,Austin,Travis County,37970
88536,PO BOX,El Paso,El Paso County,0
79178,UNIQUE,Amarillo,Potter County,0
76124,PO BOX,Fort Worth,Tarrant County,809
77270,PO BOX,Houston,Harris County,653
79536,STANDARD,Merkel,Taylor County,4550
75641,PO BOX,Easton,Gregg County,271
75236,STANDARD,Dallas,Dallas County,15900
78606,STANDARD,Blanco,Blanco County,5040
78369,STANDARD,Mirando City,Webb County,350
77659,STANDARD,Sour Lake,Hardin County,4670
77713,STANDARD,Beaumont,Jefferson County,11950
75574,STANDARD,Simms,Bowie County,1550
78802,PO BOX,Uvalde,Uvalde County,2989
75105,STANDARD,Chatfield,Navarro County,280
77863,PO BOX,Lyons,Burleson County,507
88518,PO BOX,El Paso,El Paso County,0
79789,PO BOX,Wink,Winkler County,878
78111,STANDARD,Ecleto,Karnes County,0
78602,STANDARD,Bastrop,Bastrop County,23720
79408,PO BOX,Lubbock,Lubbock County,1458
78605,STANDARD,Bertram,Burnet County,4660
77865,STANDARD,Marquez,Leon County,1440
77396,STANDARD,Humble,Harris County,47000
79852,STANDARD,Terlingua,Brewster County,600
78963,STANDARD,West Point,Fayette County,770
78473,STANDARD,Corpus Christi,Nueces County,94
79997,PO BOX,El Paso,El Paso County,572
76652,STANDARD,Kopperl,Bosque County,870
79521,STANDARD,Haskell,Haskell County,2920
76574,STANDARD,Taylor,Williamson County,16750
79949,PO BOX,El Paso,El Paso County,55
77229,PO BOX,Houston,Harris County,368
77365,STANDARD,Porter,Montgomery County,32230
76875,STANDARD,Rowena,Runnels County,540
77265,PO BOX,Houston,Harris County,258
88576,PO BOX,El Paso,El Paso County,0
77210,PO BOX,Houston,Harris County,5322
77806,PO BOX,Bryan,Brazos County,1204
75436,STANDARD,Detroit,Red River County,1760
75851,STANDARD,Lovelady,Houston County,2080
78352,PO BOX,Edroy,San Patricio County,512
79323,STANDARD,Denver City,Yoakum County,7260
79241,STANDARD,Lockney,Floyd County,2100
75860,STANDARD,Teague,Freestone County,5040
76940,STANDARD,Mereta,Tom Green County,220
76936,STANDARD,Eldorado,Schleicher County,2620
79331,STANDARD,Lamesa,Dawson County,10030
88563,PO BOX,El Paso,El Paso County,0
79313,STANDARD,Anton,Hockley County,1270
76862,STANDARD,Millersview,Concho County,137
77094,STANDARD,Houston,Harris County,9700
75931,STANDARD,Brookeland,Jasper County,1910
79414,STANDARD,Lubbock,Lubbock County,14690
75762,STANDARD,Flint,Smith County,12440
77216,UNIQUE,Houston,Harris County,0
78501,STANDARD,Mcallen,Hidalgo County,50270
75490,STANDARD,Trenton,Fannin County,2150
78548,PO BOX,Grulla,Starr County,2881
79062,STANDARD,Morse,Hansford County,250
76126,STANDARD,Fort Worth,Tarrant County,21250
79009,STANDARD,Bovina,Parmer County,2160
88541,PO BOX,El Paso,El Paso County,0
77882,PO BOX,Wheelock,Robertson County,307
76951,STANDARD,Sterling City,Sterling County,1230
75712,PO BOX,Tyler,Smith County,875
77841,PO BOX,College Station,Brazos County,407
76901,STANDARD,San Angelo,Tom Green County,25890
79016,UNIQUE,Canyon,Randall County,165
77501,PO BOX,Pasadena,Harris County,875
75426,STANDARD,Clarksville,Red River County,4060
79226,STANDARD,Clarendon,Donley County,2410
78243,STANDARD,San Antonio,Bexar County,15
76542,STANDARD,Killeen,Bell County,43740
75832,PO BOX,Cayuga,Anderson County,199
75884,UNIQUE,Tennessee Colony,Anderson County,40
75047,PO BOX,Garland,Dallas County,301
77277,PO BOX,Houston,Harris County,553
75413,PO BOX,Bailey,Fannin County,312
78561,PO BOX,Lasara,Willacy County,606
78027,STANDARD,Kendalia,Kendall County,400
77303,STANDARD,Conroe,Montgomery County,16330
75032,STANDARD,Rockwall,Rockwall County,29430
76640,STANDARD,Elm Mott,McLennan County,2630
75434,PO BOX,Cunningham,Lamar County,92
77226,PO BOX,Houston,Harris County,264
76685,PO BOX,Satin,Falls County,93
78071,STANDARD,Three Rivers,Live Oak County,3200
77035,STANDARD,Houston,Harris County,32420
75703,STANDARD,Tyler,Smith County,35990
88562,PO BOX,El Paso,El Paso County,0
78268,PO BOX,San Antonio,Bexar County,580
75925,STANDARD,Alto,Cherokee County,3160
77591,STANDARD,Texas City,Galveston County,12600
78709,PO BOX,Austin,Travis County,807
78933,STANDARD,Cat Spring,Colorado County,1320
75559,STANDARD,De Kalb,Bowie County,4920
79068,STANDARD,Panhandle,Carson County,2770
75135,STANDARD,Caddo Mills,Hunt County,6030
76472,STANDARD,Santo,Palo Pinto County,1320
76453,STANDARD,Gordon,Palo Pinto County,940
76180,STANDARD,North Richland Hills,Tarrant County,31640
75215,STANDARD,Dallas,Dallas County,13150
76251,STANDARD,Montague,Montague County,650
75452,STANDARD,Leonard,Fannin County,3970
78766,PO BOX,Austin,Travis County,702
75615,PO BOX,Longview,Gregg County,512
79010,PO BOX,Boys Ranch,Oldham County,430
77354,STANDARD,Magnolia,Montgomery County,33710
76263,STANDARD,Rosston,Cooke County,85
75684,STANDARD,Overton,Rusk County,5210
76471,STANDARD,Rising Star,Eastland County,1210
79233,PO BOX,Estelline,Hall County,154
75765,STANDARD,Hawkins,Wood County,5950
78593,STANDARD,Santa Rosa,Cameron County,4940
79066,PO BOX,Pampa,Gray County,1048
78589,STANDARD,San Juan,Hidalgo County,37390
75480,STANDARD,Scroggins,Franklin County,1250
76561,STANDARD,Oglesby,Coryell County,900
76028,STANDARD,Burleson,Johnson County,62020
77391,PO BOX,Spring,Harris County,494
79958,UNIQUE,El Paso,El Paso County,0
78427,PO BOX,Corpus Christi,Nueces County,788
75778,STANDARD,Murchison,Henderson County,2650
77222,PO BOX,Houston,Harris County,414
75148,STANDARD,Malakoff,Henderson County,4630
76352,PO BOX,Bluegrove,Clay County,24
77448,STANDARD,Hungerford,Wharton County,757
78715,PO BOX,Austin,Travis County,942
75471,STANDARD,Pickton,Hopkins County,1230
76369,PO BOX,Kamay,Wichita County,211
78235,STANDARD,San Antonio,Bexar County,670
79248,STANDARD,Paducah,Cottle County,1210
75688,PO BOX,Scottsville,Harrison County,429
75657,STANDARD,Jefferson,Marion County,6520
76086,STANDARD,Weatherford,Parker County,18320
78003,STANDARD,Bandera,Bandera County,7770
78241,STANDARD,San Antonio,Bexar County,0
78342,PO BOX,Ben Bolt,Jim Wells County,538
78381,PO BOX,Rockport,Aransas County,3080
77082,STANDARD,Houston,Harris County,48850
79931,PO BOX,El Paso,El Paso County,241
75150,STANDARD,Mesquite,Dallas County,57610
77541,STANDARD,Freeport,Brazoria County,15090
77588,PO BOX,Pearland,Brazoria County,1414
78336,STANDARD,Aransas Pass,San Patricio County,9640
77382,STANDARD,Spring,Montgomery County,35550
75504,PO BOX,Texarkana,Bowie County,714
76564,PO BOX,Pendleton,Bell County,202
77471,STANDARD,Rosenberg,Fort Bend County,36130
78579,PO BOX,Progreso,Hidalgo County,4374
78595,STANDARD,Sullivan City,Hidalgo County,5090
76519,STANDARD,Burlington,Bell County,490
78294,PO BOX,San Antonio,Bexar County,14
78535,PO BOX,Combes,Cameron County,1516
78551,PO BOX,Harlingen,Cameron County,1370
79371,STANDARD,Sudan,Lamb County,1190
79528,STANDARD,Jayton,Kent County,470
76205,STANDARD,Denton,Denton County,14700
78542,STANDARD,Edinburg,Hidalgo County,54520
78023,STANDARD,Helotes,Bexar County,27840
75137,STANDARD,Duncanville,Dallas County,18470
75140,STANDARD,Grand Saline,Van Zandt County,5930
79912,STANDARD,El Paso,El Paso County,70780
77028,STANDARD,Houston,Harris County,15980
75929,STANDARD,Broaddus,San Augustine County,1140
79311,STANDARD,Abernathy,Hale County,3070
78357,STANDARD,Freer,Duval County,3180
79765,STANDARD,Odessa,Ector County,13000
76579,STANDARD,Troy,Bell County,4610
78074,PO BOX,Waring,Kendall County,192
75167,STANDARD,Waxahachie,Ellis County,8510
79946,PO BOX,El Paso,El Paso County,54
76650,PO BOX,Irene,Hill County,84
78659,STANDARD,Paige,Bastrop County,2510
78588,STANDARD,San Isidro,Starr County,350
75938,STANDARD,Colmesneil,Tyler County,2120
78609,STANDARD,Buchanan Dam,Llano County,1530
79703,STANDARD,Midland,Midland County,20860
79018,STANDARD,Channing,Hartley County,410
75277,UNIQUE,Dallas,Dallas County,19
78720,PO BOX,Austin,Travis County,1234
76490,STANDARD,Whitt,Parker County,180
77338,STANDARD,Humble,Harris County,36030
76877,STANDARD,San Saba,San Saba County,3580
75903,PO BOX,Lufkin,Angelina County,538
78566,STANDARD,Los Fresnos,Cameron County,14880
75704,STANDARD,Tyler,Smith County,7940
75551,STANDARD,Atlanta,Cass County,9330
77065,STANDARD,Houston,Harris County,34420
76132,STANDARD,Fort Worth,Tarrant County,22600
76692,STANDARD,Whitney,Hill County,8130
77032,STANDARD,Houston,Harris County,13150
88512,PO BOX,El Paso,El Paso County,0
76820,STANDARD,Art,Mason County,99
75479,STANDARD,Savoy,Fannin County,1430
77584,STANDARD,Pearland,Brazoria County,77330
77532,STANDARD,Crosby,Harris County,27120
76543,STANDARD,Killeen,Bell County,26530
76424,STANDARD,Breckenridge,Stephens County,6980
77547,STANDARD,Galena Park,Harris County,9640
76466,PO BOX,Olden,Eastland County,293
77016,STANDARD,Houston,Harris County,26240
77263,PO BOX,Houston,Harris County,541
79376,STANDARD,Tokio,Yoakum County,119
77481,PO BOX,Thompsons,Fort Bend County,232
79905,STANDARD,El Paso,El Paso County,22080
78360,STANDARD,Guerra,Jim Hogg County,0
79002,PO BOX,Alanreed,Gray County,40
75185,PO BOX,Mesquite,Dallas County,1449
75205,STANDARD,Dallas,Dallas County,18900
78211,STANDARD,San Antonio,Bexar County,28400
79699,UNIQUE,Abilene,Taylor County,232
78143,PO BOX,Pandora,Wilson County,60
76357,STANDARD,Byers,Clay County,590
79093,PO BOX,Waka,Ochiltree County,69
77070,STANDARD,Houston,Harris County,46570
79733,PO BOX,Forsan,Howard County,256
77367,PO BOX,Riverside,Walker County,889
78761,PO BOX,Austin,Travis County,1066
78135,UNIQUE,New Braunfels,Comal County,0
79901,STANDARD,El Paso,El Paso County,12400
78762,PO BOX,Austin,Travis County,367
75946,STANDARD,Garrison,Nacogdoches County,2880
77486,STANDARD,West Columbia,Brazoria County,6600
76680,STANDARD,Reagan,Falls County,205
77071,STANDARD,Houston,Harris County,25090
79960,UNIQUE,El Paso,El Paso County,0
78372,STANDARD,Orange Grove,Jim Wells County,5350
75680,PO BOX,Minden,Rusk County,115
77974,STANDARD,Meyersville,Victoria County,460
77664,STANDARD,Warren,Tyler County,2520
78564,STANDARD,Lopeno,Zapata County,257
77617,PO BOX,Gilchrist,Galveston County,296
77051,STANDARD,Houston,Harris County,13460
76462,STANDARD,Lipan,Hood County,2630
75098,STANDARD,Wylie,Collin County,53260
77975,STANDARD,Moulton,Lavaca County,1650
77411,PO BOX,Alief,Harris County,1018
78161,STANDARD,Sutherland Springs,Wilson County,720
77061,STANDARD,Houston,Harris County,21690
77514,STANDARD,Anahuac,Chambers County,4690
79917,PO BOX,El Paso,El Paso County,827
76364,STANDARD,Harrold,Wilbarger County,198
78562,PO BOX,La Villa,Hidalgo County,2128
75382,PO BOX,Dallas,Dallas County,1041
75852,STANDARD,Midway,Madison County,1440
75117,STANDARD,Edgewood,Van Zandt County,3400
75928,STANDARD,Bon Wier,Newton County,1040
75389,UNIQUE,Dallas,Dallas County,0
77362,STANDARD,Pinehurst,Montgomery County,5050
78675,STANDARD,Willow City,Gillespie County,166
79705,STANDARD,Midland,Midland County,34110
79036,STANDARD,Fritch,Hutchinson County,4250
75650,STANDARD,Hallsville,Harrison County,9010
88540,PO BOX,El Paso,El Paso County,0
79406,STANDARD,Lubbock,Lubbock County,122
77986,PO BOX,Sublime,Lavaca County,49
75461,PO BOX,Paris,Lamar County,1348
75487,STANDARD,Talco,Titus County,1180
76262,STANDARD,Roanoke,Denton County,34490
77024,STANDARD,Houston,Harris County,34580
75381,PO BOX,Dallas,Dallas County,510
79918,STANDARD,Fort Bliss,El Paso County,89
76642,STANDARD,Groesbeck,Limestone County,5450
88547,PO BOX,El Paso,El Paso County,0
77875,PO BOX,Roans Prairie,Grimes County,126
78012,STANDARD,Christine,Atascosa County,450
75651,STANDARD,Harleton,Harrison County,2080
78950,STANDARD,New Ulm,Austin County,1780
78837,STANDARD,Comstock,Val Verde County,318
75661,STANDARD,Karnack,Harrison County,1920
78339,PO BOX,Banquete,Nueces County,1211
78957,STANDARD,Smithville,Bastrop County,7660
76474,STANDARD,Sidney,Comanche County,290
78072,STANDARD,Tilden,McMullen County,740
78577,STANDARD,Pharr,Hidalgo County,65380
78885,STANDARD,Vanderpool,Bandera County,149
77429,STANDARD,Cypress,Harris County,79190
75283,UNIQUE,Dallas,Dallas County,246
75104,STANDARD,Cedar Hill,Dallas County,44780
79258,PO BOX,South Plains,Floyd County,71
79604,PO BOX,Abilene,Taylor County,1418
77422,STANDARD,Brazoria,Brazoria County,11720
78638,STANDARD,Kingsbury,Guadalupe County,1840
78263,STANDARD,San Antonio,Bexar County,4280
76599,UNIQUE,Gatesville,Coryell County,0
75223,STANDARD,Dallas,Dallas County,13500
75438,STANDARD,Dodd City,Fannin County,950
75234,STANDARD,Dallas,Dallas County,29920
88511,PO BOX,El Paso,El Paso County,0
77614,PO BOX,Deweyville,Newton County,1360
75833,STANDARD,Centerville,Leon County,2990
76041,STANDARD,Forreston,Ellis County,390
77342,PO BOX,Huntsville,Walker County,2755
76656,STANDARD,Lott,Falls County,1990
78758,STANDARD,Austin,Travis County,42090
78295,PO BOX,San Antonio,Bexar County,64
78283,PO BOX,San Antonio,Bexar County,801
76246,PO BOX,Greenwood,Wise County,96
75164,PO BOX,Josephine,Collin County,633
77085,STANDARD,Houston,Harris County,16620
76904,STANDARD,San Angelo,Tom Green County,29190
78390,STANDARD,Taft,San Patricio County,5510
75109,STANDARD,Corsicana,Navarro County,3580
76061,PO BOX,Lillian,Johnson County,530
76930,STANDARD,Barnhart,Irion County,133
76147,PO BOX,Fort Worth,Tarrant County,596
76518,STANDARD,Buckholts,Milam County,1100
77227,PO BOX,Houston,Harris County,1169
76639,STANDARD,Dawson,Navarro County,1190
75859,STANDARD,Streetman,Freestone County,1590
77597,STANDARD,Wallisville,Chambers County,670
76203,PO BOX,Denton,Denton County,282
79976,UNIQUE,El Paso,El Paso County,0
77363,STANDARD,Plantersville,Grimes County,3020
77069,STANDARD,Houston,Harris County,16400
78201,STANDARD,San Antonio,Bexar County,37230
79567,STANDARD,Winters,Runnels County,2790
75972,STANDARD,San Augustine,San Augustine County,5140
77565,STANDARD,Kemah,Galveston County,6710
78951,PO BOX,Oakland,Colorado County,42
77381,STANDARD,Spring,Montgomery County,33340
77328,STANDARD,Cleveland,San Jacinto County,14430
78150,STANDARD,Randolph A F B,Bexar County,553
75402,STANDARD,Greenville,Hunt County,14870
76308,STANDARD,Wichita Falls,Wichita County,16590
77704,PO BOX,Beaumont,Jefferson County,752
76882,STANDARD,Talpa,Coleman County,210
77656,STANDARD,Silsbee,Hardin County,14830
77080,STANDARD,Houston,Harris County,42070
77054,STANDARD,Houston,Harris County,15820
77639,PO BOX,Orangefield,Orange County,716
79720,STANDARD,Big Spring,Howard County,25080
77238,PO BOX,Houston,Harris County,603
79324,STANDARD,Enochs,Bailey County,54
78861,STANDARD,Hondo,Medina County,10610
75244,STANDARD,Dallas,Dallas County,12070
75057,STANDARD,Lewisville,Denton County,13950
78738,STANDARD,Austin,Travis County,18500
78125,PO BOX,Mineral,Bee County,145
79546,STANDARD,Rotan,Fisher County,1530
76823,STANDARD,Bangs,Brown County,2500
78238,STANDARD,San Antonio,Bexar County,22300
78883,STANDARD,Tarpley,Bandera County,230
78828,STANDARD,Barksdale,Edwards County,230
78148,STANDARD,Universal City,Bexar County,19560
77359,STANDARD,Oakhurst,San Jacinto County,640
75230,STANDARD,Dallas,Dallas County,25360
88544,PO BOX,El Paso,El Paso County,0
79734,STANDARD,Fort Davis,Jeff Davis County,1680
78234,STANDARD,San Antonio,Bexar County,4720
75751,STANDARD,Athens,Henderson County,14690
78460,PO BOX,Corpus Christi,Nueces County,646
76131,STANDARD,Fort Worth,Tarrant County,34230
77861,STANDARD,Iola,Grimes County,2190
78674,PO BOX,Weir,Williamson County,427
78716,PO BOX,Austin,Travis County,914
79351,STANDARD,Odonnell,Lynn County,1110
76880,PO BOX,Star,Mills County,84
78829,STANDARD,Batesville,Zavala County,1020
79781,PO BOX,Sheffield,Pecos County,346
75303,UNIQUE,Dallas,Dallas County,0
76661,STANDARD,Marlin,Falls County,5380
76883,STANDARD,Telegraph,Kimble County,18
77670,PO BOX,Vidor,Orange County,1595
77003,STANDARD,Houston,Harris County,8600
75573,PO BOX,Redwater,Bowie County,1027
77655,STANDARD,Sabine Pass,Jefferson County,320
78622,PO BOX,Fentress,Caldwell County,399
78358,PO BOX,Fulton,Aransas County,2354
77302,STANDARD,Conroe,Montgomery County,17170
78351,PO BOX,Driscoll,Nueces County,883
77450,STANDARD,Katy,Harris County,68110
75134,STANDARD,Lancaster,Dallas County,19040
78932,STANDARD,Carmine,Fayette County,720
77221,PO BOX,Houston,Harris County,449
77564,STANDARD,Hull,Liberty County,1410
78654,STANDARD,Marble Falls,Burnet County,16930
78416,STANDARD,Corpus Christi,Nueces County,13070
79544,STANDARD,Rochester,Haskell County,370
75459,STANDARD,Howe,Grayson County,4030
77407,STANDARD,Richmond,Fort Bend County,43970
77961,PO BOX,Francitas,Jackson County,112
76673,STANDARD,Mount Calm,Hill County,980
78213,STANDARD,San Antonio,Bexar County,37180
77482,STANDARD,Van Vleck,Matagorda County,2210
76554,STANDARD,Little River Academy,Bell County,2100
78959,STANDARD,Waelder,Gonzales County,1760
77345,STANDARD,Kingwood,Harris County,27390
77859,STANDARD,Hearne,Robertson County,6550
75040,STANDARD,Garland,Dallas County,60860
77855,PO BOX,Flynn,Leon County,329
78631,STANDARD,Harper,Gillespie County,2400
78599,PO BOX,Weslaco,Hidalgo County,4239
76107,STANDARD,Fort Worth,Tarrant County,24720
76114,STANDARD,Fort Worth,Tarrant County,23490
79702,PO BOX,Midland,Midland County,2858
76909,UNIQUE,San Angelo,Tom Green County,110
79938,STANDARD,El Paso,El Paso County,70210
78411,STANDARD,Corpus Christi,Nueces County,23890
76825,STANDARD,Brady,McCulloch County,6300
75210,STANDARD,Dallas,Dallas County,6030
76019,UNIQUE,Arlington,Tarrant County,185
75474,STANDARD,Quinlan,Hunt County,12340
78203,STANDARD,San Antonio,Bexar County,5360
77703,STANDARD,Beaumont,Jefferson County,11720
78663,STANDARD,Round Mountain,Blanco County,600
77426,STANDARD,Chappell Hill,Washington County,1880
77272,PO BOX,Houston,Harris County,1080
75010,STANDARD,Carrollton,Denton County,25260
77661,PO BOX,Stowell,Chambers County,686
77870,PO BOX,New Baden,Robertson County,274
76134,STANDARD,Fort Worth,Tarrant County,24020
75482,STANDARD,Sulphur Springs,Hopkins County,21780
88532,PO BOX,El Paso,El Paso County,0
76309,STANDARD,Wichita Falls,Wichita County,11460
76053,STANDARD,Hurst,Tarrant County,28460
75094,STANDARD,Plano,Collin County,23370
88567,PO BOX,El Paso,El Paso County,0
76012,STANDARD,Arlington,Tarrant County,24760
77720,PO BOX,Beaumont,Jefferson County,891
78573,STANDARD,Mission,Hidalgo County,34200
76006,STANDARD,Arlington,Tarrant County,23120
79094,STANDARD,Wayside,Armstrong County,67
78418,STANDARD,Corpus Christi,Nueces County,26630
77641,PO BOX,Port Arthur,Jefferson County,642
75207,STANDARD,Dallas,Dallas County,2130
76208,STANDARD,Denton,Denton County,22010
78142,PO BOX,Normanna,Bee County,230
79942,PO BOX,El Paso,Crockett County,80
79501,STANDARD,Anson,Jones County,2980
76502,STANDARD,Temple,Bell County,34030
78552,STANDARD,Harlingen,Cameron County,28970
77512,PO BOX,Alvin,Brazoria County,2663
79504,STANDARD,Baird,Callahan County,2280
75125,STANDARD,Ferris,Ellis County,6790
79721,PO BOX,Big Spring,Howard County,1787
77351,STANDARD,Livingston,Polk County,23230
77539,STANDARD,Dickinson,Galveston County,38890
75642,PO BOX,Elysian Fields,Harrison County,525
78642,STANDARD,Liberty Hill,Williamson County,11470
78540,PO BOX,Edinburg,Hidalgo County,5041
76253,PO BOX,Myra,Cooke County,214
78604,PO BOX,Belmont,Gonzales County,70
75451,STANDARD,Leesburg,Camp County,1040
76828,STANDARD,Burkett,Coleman County,154
88575,PO BOX,El Paso,El Paso County,0
76087,STANDARD,Weatherford,Parker County,26040
79708,PO BOX,Midland,Midland County,1173
76036,STANDARD,Crowley,Tarrant County,23580
75555,STANDARD,Bivins,Cass County,1220
78658,PO BOX,Ottine,Gonzales County,32
79079,STANDARD,Shamrock,Wheeler County,2450
77043,STANDARD,Houston,Harris County,26080
75360,PO BOX,Dallas,Dallas County,778
78289,UNIQUE,San Antonio,Bexar County,0
76096,PO BOX,Arlington,Tarrant County,1358
77360,STANDARD,Onalaska,Polk County,4210
78406,STANDARD,Corpus Christi,Nueces County,820
88585,PO BOX,El Paso,El Paso County,0
75403,PO BOX,Greenville,Hunt County,961
78634,STANDARD,Hutto,Williamson County,28610
79530,STANDARD,Lawn,Taylor County,470
76953,PO BOX,Tennyson,Coke County,64
75189,STANDARD,Royse City,Rockwall County,25040
77554,STANDARD,Galveston,Galveston County,6330
77282,PO BOX,Houston,Harris County,500
76270,STANDARD,Sunset,Montague County,1710
77034,STANDARD,Houston,Harris County,35550
77225,PO BOX,Houston,Harris County,355
79945,PO BOX,El Paso,El Paso County,72
75934,PO BOX,Camden,Polk County,239
78870,STANDARD,Knippa,Uvalde County,790
79937,PO BOX,El Paso,El Paso County,491
76937,STANDARD,Eola,Tom Green County,250
77337,PO BOX,Hufsmith,Harris County,0
76204,PO BOX,Denton,Denton County,212
79562,STANDARD,Tuscola,Taylor County,4330
78107,PO BOX,Berclair,Goliad County,233
78962,STANDARD,Weimar,Colorado County,4140
79540,STANDARD,Old Glory,Stonewall County,109
77951,PO BOX,Bloomington,Victoria County,2348
76527,STANDARD,Florence,Williamson County,3960
75941,STANDARD,Diboll,Angelina County,7120
76799,UNIQUE,Waco,McLennan County,0
79118,STANDARD,Amarillo,Randall County,20980
78945,STANDARD,La Grange,Fayette County,9400
75978,PO BOX,Woden,Nacogdoches County,372
79114,PO BOX,Amarillo,Potter County,2014
78543,PO BOX,Elsa,Hidalgo County,8228
88572,PO BOX,El Paso,El Paso County,0
78523,PO BOX,Brownsville,Cameron County,2151
75855,STANDARD,Oakwood,Leon County,1960
79247,STANDARD,Odell,Wilbarger County,47
75082,STANDARD,Richardson,Collin County,21030
75250,PO BOX,Dallas,Dallas County,164
75472,STANDARD,Point,Rains County,2830
77284,PO BOX,Houston,Harris County,867
75789,STANDARD,Troup,Smith County,6740
78550,STANDARD,Harlingen,Cameron County,44820
78839,STANDARD,Crystal City,Zavala County,7650
76645,STANDARD,Hillsboro,Hill County,10010
78239,STANDARD,San Antonio,Bexar County,27590
79556,STANDARD,Sweetwater,Nolan County,11170
77036,STANDARD,Houston,Harris County,60090
77836,STANDARD,Caldwell,Burleson County,10250
77590,STANDARD,Texas City,Galveston County,25890
78941,STANDARD,Flatonia,Fayette County,2690
78205,STANDARD,San Antonio,Bexar County,980
75630,STANDARD,Avinger,Marion County,1980
77446,PO BOX,Prairie View,Waller County,1267
78746,STANDARD,Austin,Travis County,26790
76458,STANDARD,Jacksboro,Jack County,4710
79913,PO BOX,El Paso,El Paso County,1514
78657,STANDARD,Horseshoe Bay,Llano County,5130
78377,STANDARD,Refugio,Refugio County,3390
78655,STANDARD,Martindale,Caldwell County,2670
88583,PO BOX,El Paso,El Paso County,0
78412,STANDARD,Corpus Christi,Nueces County,28820
79772,STANDARD,Pecos,Reeves County,9700
78764,PO BOX,Austin,Travis County,219
79344,STANDARD,Maple,Bailey County,30
76544,STANDARD,Fort Hood,Bell County,23160
76444,STANDARD,De Leon,Comanche County,2920
88534,PO BOX,El Paso,El Paso County,0
78232,STANDARD,San Antonio,Bexar County,33320
76802,STANDARD,Early,Brown County,4260
76549,STANDARD,Killeen,Bell County,46020
77853,STANDARD,Dime Box,Lee County,920
77415,PO BOX,Cedar Lane,Matagorda County,372
78590,PO BOX,San Perlita,Willacy County,427
79766,STANDARD,Odessa,Ector County,7260
77903,PO BOX,Victoria,Victoria County,2273
77019,STANDARD,Houston,Harris County,18690
76831,STANDARD,Castell,Llano County,76
77053,STANDARD,Houston,Fort Bend County,29290
75285,UNIQUE,Dallas,Dallas County,0
75783,STANDARD,Quitman,Wood County,6200
88510,PO BOX,El Paso,El Paso County,0
75226,STANDARD,Dallas,Dallas County,2620
75915,PO BOX,Lufkin,Angelina County,1812
79520,STANDARD,Hamlin,Jones County,2010
75705,STANDARD,Tyler,Smith County,1900
76671,STANDARD,Morgan,Bosque County,1340
75571,STANDARD,Omaha,Morris County,2380
75115,STANDARD,Desoto,Dallas County,47850
75410,STANDARD,Alba,Wood County,3800
78736,STANDARD,Austin,Travis County,7340
76113,PO BOX,Fort Worth,Tarrant County,216
79837,PO BOX,Dell City,Hudspeth County,604
79903,STANDARD,El Paso,El Paso County,15650
76241,PO BOX,Gainesville,Cooke County,1748
75667,STANDARD,Laneville,Rusk County,940
78651,PO BOX,Mc Neil,Williamson County,60
78553,PO BOX,Harlingen,Cameron County,2081
75643,STANDARD,Gary,Panola County,1740
77079,STANDARD,Houston,Harris County,31040
75797,UNIQUE,Big Sandy,Upshur County,0
77467,PO BOX,Pierce,Wharton County,108
76684,PO BOX,Ross,McLennan County,259
77950,PO BOX,Austwell,Refugio County,212
78671,STANDARD,Stonewall,Gillespie County,720
77075,STANDARD,Houston,Harris County,37890
75275,UNIQUE,Dallas,Dallas County,192
75455,STANDARD,Mount Pleasant,Titus County,25590
79367,PO BOX,Smyer,Hockley County,670
76461,PO BOX,Lingleville,Erath County,208
79535,STANDARD,Maryneal,Nolan County,142
77261,PO BOX,Houston,Harris County,379
78656,STANDARD,Maxwell,Caldwell County,2080
75486,STANDARD,Sumner,Lamar County,2300
77586,STANDARD,Seabrook,Harris County,21420
75229,STANDARD,Dallas,Dallas County,33420
76958,PO BOX,Water Valley,Tom Green County,333
78615,STANDARD,Coupland,Williamson County,1250
75035,STANDARD,Frisco,Collin County,61020
79996,PO BOX,El Paso,El Paso County,713
76088,STANDARD,Weatherford,Parker County,10950
78633,STANDARD,Georgetown,Williamson County,22450
88549,PO BOX,El Paso,El Paso County,0
79526,STANDARD,Hermleigh,Scurry County,910
78557,STANDARD,Hidalgo,Hidalgo County,15400
79742,PO BOX,Grandfalls,Ward County,448
78650,STANDARD,Mc Dade,Bastrop County,1370
79539,STANDARD,O Brien,Haskell County,128
77506,STANDARD,Pasadena,Harris County,34010
78940,STANDARD,Fayetteville,Fayette County,1730
75173,STANDARD,Nevada,Collin County,4630
78584,STANDARD,Roma,Starr County,17920
88529,PO BOX,El Paso,El Paso County,0
78403,PO BOX,Corpus Christi,Nueces County,1097
75078,STANDARD,Prosper,Collin County,18620
79906,STANDARD,El Paso,El Paso County,6720
79359,STANDARD,Seagraves,Gaines County,2820
79748,STANDARD,Knott,Howard County,249
78943,STANDARD,Glidden,Colorado County,350
78765,PO BOX,Austin,Travis County,501
75146,STANDARD,Lancaster,Dallas County,19170
77341,UNIQUE,Huntsville,Walker County,97
77447,STANDARD,Hockley,Harris County,13910
79109,STANDARD,Amarillo,Randall County,38670
88548,PO BOX,El Paso,El Paso County,0
78026,STANDARD,Jourdanton,Atascosa County,5550
76457,STANDARD,Hico,Hamilton County,3070
78249,STANDARD,San Antonio,Bexar County,42580
77058,STANDARD,Houston,Harris County,15130
78801,STANDARD,Uvalde,Uvalde County,18030
78652,STANDARD,Manchaca,Travis County,4260
77389,STANDARD,Spring,Harris County,29820
78414,STANDARD,Corpus Christi,Nueces County,34530
76821,STANDARD,Ballinger,Runnels County,4310
78069,STANDARD,Somerset,Atascosa County,4630
77842,PO BOX,College Station,Brazos County,1411
75058,STANDARD,Gunter,Grayson County,2940
76445,STANDARD,Desdemona,Eastland County,270
75469,STANDARD,Pecan Gap,Delta County,300
76003,PO BOX,Arlington,Tarrant County,1220
76244,STANDARD,Keller,Tarrant County,69900
75339,PO BOX,Dallas,Dallas County,537
78056,STANDARD,Mico,Medina County,1790
79096,STANDARD,Wheeler,Wheeler County,2490
77045,STANDARD,Houston,Harris County,30820
76557,STANDARD,Moody,McLennan County,4600
76681,STANDARD,Richland,Navarro County,410
77477,STANDARD,Stafford,Fort Bend County,31440
78568,PO BOX,Lozano,Cameron County,588
79072,STANDARD,Plainview,Hale County,21720
76050,STANDARD,Grandview,Johnson County,5640
75709,STANDARD,Tyler,Smith County,4690
79330,STANDARD,Justiceburg,Garza County,48
78017,STANDARD,Dilley,Frio County,3650
79735,STANDARD,Fort Stockton,Pecos County,10960
79231,PO BOX,Dougherty,Floyd County,51
75691,STANDARD,Tatum,Rusk County,4190
76632,STANDARD,Chilton,Falls County,1520
78237,STANDARD,San Antonio,Bexar County,32350
79952,PO BOX,El Paso,El Paso County,82
78636,STANDARD,Johnson City,Blanco County,3410
75056,STANDARD,The Colony,Denton County,54880
79234,STANDARD,Flomot,Motley County,71
79227,STANDARD,Crowell,Foard County,1000
79782,STANDARD,Stanton,Martin County,4460
77850,PO BOX,Concord,Leon County,24
75227,STANDARD,Dallas,Dallas County,55030
79312,STANDARD,Amherst,Lamb County,830
76597,UNIQUE,Gatesville,Coryell County,20
78293,PO BOX,San Antonio,Bexar County,46
75165,STANDARD,Waxahachie,Ellis County,37800
78146,PO BOX,Pettus,Bee County,675
77252,PO BOX,Houston,Harris County,334
77963,STANDARD,Goliad,Goliad County,4800
75083,PO BOX,Richardson,Dallas County,1937
75313,PO BOX,Dallas,Dallas County,289
78154,STANDARD,Schertz,Guadalupe County,34510
76058,STANDARD,Joshua,Johnson County,16780
79106,STANDARD,Amarillo,Potter County,23320
75412,STANDARD,Bagwell,Red River County,550
77346,STANDARD,Humble,Harris County,58670
77258,PO BOX,Houston,Harris County,435
78463,PO BOX,Corpus Christi,Nueces County,597
78728,STANDARD,Austin,Travis County,19640
79516,PO BOX,Dunn,Scurry County,15
76878,STANDARD,Santa Anna,Coleman County,1270
88545,PO BOX,El Paso,El Paso County,0
78948,STANDARD,Lincoln,Lee County,760
79926,PO BOX,El Paso,El Paso County,423
79532,STANDARD,Loraine,Mitchell County,800
78754,STANDARD,Austin,Travis County,19330
77304,STANDARD,Conroe,Montgomery County,23800
76234,STANDARD,Decatur,Wise County,15120
75132,PO BOX,Fate,Rockwall County,706
78539,STANDARD,Edinburg,Hidalgo County,29230
75475,PO BOX,Randolph,Fannin County,233
79698,UNIQUE,Abilene,Taylor County,67
78833,STANDARD,Camp Wood,Real County,1120
78842,PO BOX,Del Rio,Val Verde County,1733
77040,STANDARD,Houston,Harris County,47220
75086,PO BOX,Plano,Collin County,1398
75069,STANDARD,Mckinney,Collin County,35280
77613,PO BOX,China,Jefferson County,1513
77802,STANDARD,Bryan,Brazos County,20410
75850,STANDARD,Leona,Leon County,370
75951,STANDARD,Jasper,Jasper County,13320
78108,STANDARD,Cibolo,Guadalupe County,35880
79081,STANDARD,Spearman,Hansford County,3750
79518,STANDARD,Girard,Kent County,111
88526,PO BOX,El Paso,El Paso County,0
76508,UNIQUE,Temple,Bell County,0
75379,PO BOX,Dallas,Dallas County,771
77454,PO BOX,Lissie,Wharton County,228
76301,STANDARD,Wichita Falls,Wichita County,12700
78102,STANDARD,Beeville,Bee County,16440
77320,STANDARD,Huntsville,Walker County,18970
76385,PO BOX,Vernon,Wilbarger County,767
77245,PO BOX,Houston,Harris County,900
75048,STANDARD,Sachse,Dallas County,23010
79961,UNIQUE,El Paso,El Paso County,0
75067,STANDARD,Lewisville,Denton County,63990
76558,PO BOX,Mound,Coryell County,83
79761,STANDARD,Odessa,Ector County,29970
76859,STANDARD,Menard,Menard County,1560
76360,STANDARD,Electra,Wichita County,2420
79229,STANDARD,Dickens,Dickens County,250
75070,STANDARD,Mckinney,Collin County,89930
88525,PO BOX,El Paso,El Paso County,0
78502,PO BOX,Mcallen,Hidalgo County,3983
78338,PO BOX,Armstrong,Kenedy County,60
76017,STANDARD,Arlington,Tarrant County,42920
78773,UNIQUE,Austin,Travis County,23
78039,STANDARD,La Coste,Medina County,1570
79097,STANDARD,White Deer,Carson County,1090
76106,STANDARD,Fort Worth,Tarrant County,34770
75470,STANDARD,Petty,Lamar County,208
79077,PO BOX,Sam Norwood,Collingsworth County,0
78503,STANDARD,Mcallen,Hidalgo County,19350
78741,STANDARD,Austin,Travis County,37200
79043,STANDARD,Hart,Castro County,1230
77059,STANDARD,Houston,Harris County,17080
75014,PO BOX,Irving,Dallas County,410
76136,PO BOX,Fort Worth,Tarrant County,560
77202,PO BOX,Houston,Harris County,0
76528,STANDARD,Gatesville,Coryell County,13940
75312,UNIQUE,Dallas,Dallas County,0
77212,UNIQUE,Houston,Harris County,0
75839,STANDARD,Elkhart,Anderson County,4460
77388,STANDARD,Spring,Harris County,43430
77642,STANDARD,Port Arthur,Jefferson County,35690
78296,PO BOX,San Antonio,Bexar County,67
88590,PO BOX,El Paso,El Paso County,0
75209,STANDARD,Dallas,Dallas County,13190
75022,STANDARD,Flower Mound,Denton County,23610
78145,PO BOX,Pawnee,Bee County,227
76644,PO BOX,Laguna Park,Bosque County,309
75260,STANDARD,Dallas,Dallas County,0
79605,STANDARD,Abilene,Taylor County,26350
77096,STANDARD,Houston,Harris County,31200
77466,PO BOX,Pattison,Waller County,893
75633,STANDARD,Carthage,Panola County,13170
77616,STANDARD,Fred,Tyler County,1090
75501,STANDARD,Texarkana,Bowie County,29880
76678,STANDARD,Prairie Hill,Limestone County,184
76712,STANDARD,Woodway,McLennan County,23420
77002,STANDARD,Houston,Harris County,5640
77879,STANDARD,Somerville,Burleson County,3780
78598,PO BOX,Port Mansfield,Willacy County,270
79413,STANDARD,Lubbock,Lubbock County,17970
75074,STANDARD,Plano,Collin County,46800
77306,STANDARD,Conroe,Montgomery County,11130
77092,STANDARD,Houston,Harris County,32110
75647,STANDARD,Gladewater,Gregg County,11730
78830,STANDARD,Big Wells,Dimmit County,610
75840,STANDARD,Fairfield,Freestone County,7010
77982,PO BOX,Port O Connor,Calhoun County,916
75460,STANDARD,Paris,Lamar County,18290
78704,STANDARD,Austin,Travis County,37100
79245,STANDARD,Memphis,Hall County,1980
78560,STANDARD,La Joya,Hidalgo County,4630
78712,STANDARD,Austin,Travis County,42
76950,STANDARD,Sonora,Sutton County,3880
88573,PO BOX,El Paso,El Paso County,0
75051,STANDARD,Grand Prairie,Dallas County,37730
76626,STANDARD,Blooming Grove,Navarro County,1480
77516,PO BOX,Angleton,Brazoria County,2547
78627,PO BOX,Georgetown,Williamson County,1911
79257,STANDARD,Silverton,Briscoe County,850
77538,STANDARD,Devers,Liberty County,840
77414,STANDARD,Bay City,Matagorda County,19260
76109,STANDARD,Fort Worth,Tarrant County,17750
75266,PO BOX,Dallas,Dallas County,45
76649,STANDARD,Iredell,Bosque County,610
78644,STANDARD,Lockhart,Caldwell County,15770
76049,STANDARD,Granbury,Hood County,25150
79201,STANDARD,Childress,Childress County,5040
78160,STANDARD,Stockdale,Wilson County,3700
75492,STANDARD,Windom,Fannin County,470
76305,STANDARD,Wichita Falls,Wichita County,4490
77706,STANDARD,Beaumont,Jefferson County,25660
76060,STANDARD,Kennedale,Tarrant County,7320
75159,STANDARD,Seagoville,Dallas County,15970
78240,STANDARD,San Antonio,Bexar County,47240
76824,PO BOX,Bend,San Saba County,60
75090,STANDARD,Sherman,Grayson County,20760
77015,STANDARD,Houston,Harris County,54530
76676,STANDARD,Penelope,Hill County,320
75604,STANDARD,Longview,Gregg County,27420
79346,STANDARD,Morton,Cochran County,2080
76872,STANDARD,Rochelle,McCulloch County,540
75458,PO BOX,Merit,Hunt County,353
78117,STANDARD,Hobson,Karnes County,510
79603,STANDARD,Abilene,Taylor County,20390
78278,PO BOX,San Antonio,Bexar County,917
77494,STANDARD,Katy,Fort Bend County,98080
79920,PO BOX,El Paso,El Paso County,77
76161,PO BOX,Fort Worth,Tarrant County,1213
77491,PO BOX,Katy,Waller County,753
78075,STANDARD,Whitsett,Live Oak County,132
77484,STANDARD,Waller,Waller County,11260
77470,STANDARD,Rock Island,Colorado County,301
79936,STANDARD,El Paso,El Paso County,104460
75222,PO BOX,Dallas,Dallas County,1265
77038,STANDARD,Houston,Harris County,27710
77371,STANDARD,Shepherd,San Jacinto County,6420
77055,STANDARD,Houston,Harris County,38960
88589,PO BOX,El Paso,El Paso County,0
79121,STANDARD,Amarillo,Randall County,5850
75493,PO BOX,Winfield,Titus County,680
75602,STANDARD,Longview,Gregg County,20890
76248,STANDARD,Keller,Tarrant County,37920
78055,STANDARD,Medina,Bandera County,1310
75142,STANDARD,Kaufman,Kaufman County,18090
76384,STANDARD,Vernon,Wilbarger County,10310
75779,PO BOX,Neches,Anderson County,484
77431,PO BOX,Danciger,Brazoria County,42
76230,STANDARD,Bowie,Montague County,8490
75447,STANDARD,Ivanhoe,Fannin County,900
78860,PO BOX,El Indio,Maverick County,245
76501,STANDARD,Temple,Bell County,14710
78163,STANDARD,Bulverde,Comal County,10140
78374,STANDARD,Portland,San Patricio County,17560
88559,PO BOX,El Paso,El Paso County,0
79189,PO BOX,Amarillo,Potter County,0
77479,STANDARD,Sugar Land,Fort Bend County,83380
79220,STANDARD,Afton,Dickens County,121
77993,PO BOX,Weesatche,Goliad County,140
75202,STANDARD,Dallas,Dallas County,2120
78721,STANDARD,Austin,Travis County,9990
78648,STANDARD,Luling,Caldwell County,6730
75141,STANDARD,Hutchins,Dallas County,3500
75954,STANDARD,Joaquin,Shelby County,2950
79250,STANDARD,Petersburg,Hale County,1260
77834,PO BOX,Brenham,Washington County,1871
78705,STANDARD,Austin,Travis County,6710
77615,PO BOX,Evadale,Jasper County,1400
76311,STANDARD,Sheppard Afb,Wichita County,2630
79025,PO BOX,Dawn,Deaf Smith County,97
78522,PO BOX,Brownsville,Cameron County,1093
77503,STANDARD,Pasadena,Harris County,23110
79769,PO BOX,Odessa,Ector County,828
76367,STANDARD,Iowa Park,Wichita County,8470
79537,STANDARD,Nolan,Nolan County,83
75354,PO BOX,Dallas,Dallas County,971
76082,STANDARD,Springtown,Parker County,16970
78547,PO BOX,Garciasville,Starr County,2899
79762,STANDARD,Odessa,Ector County,36860
77208,PO BOX,Houston,Harris County,199
75662,STANDARD,Kilgore,Gregg County,22190
77033,STANDARD,Houston,Harris County,26020
75071,STANDARD,Mckinney,Collin County,44410
79719,PO BOX,Barstow,Ward County,299
79230,STANDARD,Dodson,Collingsworth County,162
78701,STANDARD,Austin,Travis County,6360
78044,PO BOX,Laredo,Webb County,2525
78116,STANDARD,Gillett,Karnes County,320
79022,STANDARD,Dalhart,Dallam County,9840
77492,PO BOX,Katy,Waller County,838
77297,UNIQUE,Houston,Harris County,0
75368,UNIQUE,Dallas,Dallas County,0
75423,STANDARD,Celeste,Hunt County,2390
88578,PO BOX,El Paso,El Paso County,0
75666,PO BOX,Laird Hill,Rusk County,591
76099,PO BOX,Grapevine,Tarrant County,1053
78574,STANDARD,Mission,Hidalgo County,48860
76538,STANDARD,Jonesboro,Coryell County,660
75441,PO BOX,Enloe,Delta County,109
75433,STANDARD,Cumby,Hopkins County,2260
76870,STANDARD,Priddy,Mills County,257
76264,STANDARD,Sadler,Grayson County,1250
76123,STANDARD,Fort Worth,Tarrant County,30780
77098,STANDARD,Houston,Harris County,12110
75495,STANDARD,Van Alstyne,Grayson County,7180
78384,STANDARD,San Diego,Duval County,5200
77464,PO BOX,Orchard,Fort Bend County,641
76903,STANDARD,San Angelo,Tom Green County,27710
77480,STANDARD,Sweeny,Brazoria County,6960
77081,STANDARD,Houston,Harris County,40600
78073,STANDARD,Von Ormy,Bexar County,7550
79924,STANDARD,El Paso,El Paso County,54000
79832,UNIQUE,Alpine,Brewster County,94
77027,STANDARD,Houston,Harris County,12670
75488,STANDARD,Telephone,Fannin County,940
75401,STANDARD,Greenville,Hunt County,15880
76548,STANDARD,Harker Heights,Bell County,27060
78257,STANDARD,San Antonio,Bexar County,5560
75558,STANDARD,Cookville,Titus County,1320
75932,STANDARD,Burkeville,Newton County,1110
75380,PO BOX,Dallas,Dallas County,745
75570,STANDARD,New Boston,Bowie County,7800
75858,PO BOX,Ratcliff,Houston County,216
78727,STANDARD,Austin,Travis County,25660
88565,PO BOX,El Paso,El Paso County,0
78710,STANDARD,Austin,Travis County,0
75831,STANDARD,Buffalo,Leon County,4760
77665,STANDARD,Winnie,Chambers County,6350
76066,STANDARD,Millsap,Parker County,2670
78041,STANDARD,Laredo,Webb County,44440
79244,STANDARD,Matador,Motley County,630
79453,PO BOX,Lubbock,Lubbock County,455
75801,STANDARD,Palestine,Anderson County,13990
78632,STANDARD,Harwood,Gonzales County,920
77243,PO BOX,Houston,Harris County,389
78419,STANDARD,Corpus Christi,Nueces County,360
77336,STANDARD,Huffman,Harris County,12900
77726,PO BOX,Beaumont,Jefferson County,1322
79120,PO BOX,Amarillo,Potter County,1760
77510,STANDARD,Santa Fe,Galveston County,13230
79259,STANDARD,Tell,Childress County,46
78641,STANDARD,Leander,Williamson County,52260
75605,STANDARD,Longview,Gregg County,26530
79928,STANDARD,El Paso,El Paso County,56050
76570,STANDARD,Rosebud,Falls County,2080
75231,STANDARD,Dallas,Dallas County,34440
77417,STANDARD,Beasley,Fort Bend County,1840
77650,PO BOX,Port Bolivar,Galveston County,2435
78630,PO BOX,Cedar Park,Williamson County,1447
76105,STANDARD,Fort Worth,Tarrant County,21550
77708,STANDARD,Beaumont,Jefferson County,11030
76827,STANDARD,Brookesmith,Brown County,350
77904,STANDARD,Victoria,Victoria County,24590
77872,STANDARD,North Zulch,Madison County,1650
77511,STANDARD,Alvin,Brazoria County,43270
77991,PO BOX,Vanderbilt,Jackson County,537
76665,STANDARD,Meridian,Bosque County,2110
75049,PO BOX,Garland,Dallas County,971
78620,STANDARD,Dripping Springs,Hays County,15950
78025,STANDARD,Ingram,Kerr County,4490
75437,STANDARD,Dike,Hopkins County,990
77029,STANDARD,Houston,Harris County,17230
76844,STANDARD,Goldthwaite,Mills County,2990
78639,STANDARD,Kingsland,Llano County,5970
76255,STANDARD,Nocona,Montague County,4500
78526,STANDARD,Brownsville,Cameron County,46080
78260,STANDARD,San Antonio,Bexar County,30190
75240,STANDARD,Dallas,Dallas County,24230
75367,PO BOX,Dallas,Dallas County,396
79221,PO BOX,Aiken,Floyd County,0
75163,STANDARD,Trinidad,Henderson County,1870
76886,PO BOX,Veribest,Tom Green County,163
76095,PO BOX,Bedford,Tarrant County,1107
78019,PO BOX,Encinal,La Salle County,882
77372,STANDARD,Splendora,Montgomery County,10890
76210,STANDARD,Denton,Denton County,39090
88570,PO BOX,El Paso,El Paso County,0
79087,STANDARD,Texline,Dallam County,650
75848,PO BOX,Kirvin,Freestone County,138
77572,PO BOX,La Porte,Harris County,1063
77203,PO BOX,Houston,Harris County,0
79843,STANDARD,Marfa,Presidio County,2190
75798,UNIQUE,Tyler,Smith County,0
79015,STANDARD,Canyon,Randall County,16410
76202,PO BOX,Denton,Denton County,1502
77020,STANDARD,Houston,Harris County,23400
78468,PO BOX,Corpus Christi,Nueces County,602
77006,STANDARD,Houston,Harris County,17210
78144,PO BOX,Panna Maria,Karnes County,22
76703,PO BOX,Waco,McLennan County,832
77835,STANDARD,Burton,Washington County,2250
77023,STANDARD,Houston,Harris County,25060
77273,PO BOX,Houston,Harris County,207
78014,STANDARD,Cotulla,La Salle County,4300
78672,STANDARD,Tow,Llano County,660
79711,PO BOX,Midland,Midland County,359
78947,STANDARD,Lexington,Lee County,4050
73301,UNIQUE,Austin,Travis County,433
78140,STANDARD,Nixon,Gonzales County,3290
76902,PO BOX,San Angelo,Tom Green County,1940
76078,STANDARD,Rhome,Wise County,8890
76048,STANDARD,Granbury,Hood County,20050
75060,STANDARD,Irving,Dallas County,47100
75181,STANDARD,Mesquite,Dallas County,25760
75939,STANDARD,Corrigan,Polk County,3450
76033,STANDARD,Cleburne,Johnson County,23600
79350,PO BOX,New Deal,Lubbock County,610
76034,STANDARD,Colleyville,Tarrant County,24990
76097,PO BOX,Burleson,Johnson County,1581
75505,PO BOX,Texarkana,Bowie County,1626
79940,PO BOX,El Paso,El Paso County,38
77582,PO BOX,Raywood,Liberty County,677
75757,STANDARD,Bullard,Smith County,10570
75391,UNIQUE,Dallas,Dallas County,0
75773,STANDARD,Mineola,Wood County,10660
76306,STANDARD,Wichita Falls,Wichita County,12980
79237,STANDARD,Hedley,Donley County,320
79380,PO BOX,Whitharral,Hockley County,184
76239,STANDARD,Forestburg,Montague County,900
75206,STANDARD,Dallas,Dallas County,30030
76857,STANDARD,May,Brown County,1320
78155,STANDARD,Seguin,Guadalupe County,40840
78691,PO BOX,Pflugerville,Travis County,1220
78726,STANDARD,Austin,Travis County,12950
75428,STANDARD,Commerce,Hunt County,6570
77333,PO BOX,Dobbin,Montgomery County,473
75092,STANDARD,Sherman,Grayson County,20700
76523,PO BOX,Davilla,Milam County,176
76022,STANDARD,Bedford,Tarrant County,13040
78661,PO BOX,Prairie Lea,Caldwell County,447
77502,STANDARD,Pasadena,Harris County,36510
79013,PO BOX,Cactus,Moore County,3790
78349,STANDARD,Concepcion,Duval County,330
75216,STANDARD,Dallas,Dallas County,45670
76707,STANDARD,Waco,McLennan County,14750
79003,PO BOX,Allison,Wheeler County,157
76933,STANDARD,Bronte,Coke County,1180
77837,STANDARD,Calvert,Robertson County,1190
79033,PO BOX,Farnsworth,Ochiltree County,106
76164,STANDARD,Fort Worth,Tarrant County,16280
76545,UNIQUE,Killeen,Bell County,35
76670,STANDARD,Milford,Ellis County,1210
78469,PO BOX,Corpus Christi,Nueces County,803
77843,UNIQUE,College Station,Brazos County,107
78391,STANDARD,Tynan,Bee County,280
78664,STANDARD,Round Rock,Williamson County,54360
77228,PO BOX,Houston,Harris County,527
78779,UNIQUE,Austin,Travis County,0
78280,PO BOX,San Antonio,Bexar County,196
77275,PO BOX,Houston,Harris County,534
75933,STANDARD,Call,Newton County,1360
76622,STANDARD,Aquilla,Hill County,910
88566,PO BOX,El Paso,El Paso County,0
77293,PO BOX,Houston,Harris County,874
79744,PO BOX,Iraan,Pecos County,1404
75958,PO BOX,Martinsville,Nacogdoches County,259
76578,STANDARD,Thrall,Williamson County,1640
77990,STANDARD,Tivoli,Refugio County,610
75002,STANDARD,Allen,Collin County,65000
75476,STANDARD,Ravenna,Fannin County,1050
76623,PO BOX,Avalon,Ellis County,430
76206,PO BOX,Denton,Denton County,741
76228,STANDARD,Bellevue,Clay County,870
79855,PO BOX,Van Horn,Culberson County,2344
75785,STANDARD,Rusk,Cherokee County,7940
79756,STANDARD,Monahans,Ward County,9520
77979,STANDARD,Port Lavaca,Calhoun County,16320
75023,STANDARD,Plano,Collin County,44980
75439,STANDARD,Ector,Fannin County,810
76534,STANDARD,Holland,Bell County,2440
75671,PO BOX,Marshall,Harrison County,1944
79347,STANDARD,Muleshoe,Bailey County,7630
75225,STANDARD,Dallas,Dallas County,21690
78001,PO BOX,Artesia Wells,La Salle County,15
77018,STANDARD,Houston,Harris County,24290
77901,STANDARD,Victoria,Victoria County,36340
76039,STANDARD,Euless,Tarrant County,33920
77087,STANDARD,Houston,Harris County,34990
77969,PO BOX,La Salle,Jackson County,126
78467,PO BOX,Corpus Christi,Nueces County,1009
77463,PO BOX,Old Ocean,Brazoria County,330
77240,PO BOX,Houston,Harris County,284
75640,STANDARD,Diana,Upshur County,4330
78753,STANDARD,Austin,Travis County,50670
75249,STANDARD,Dallas,Dallas County,14670
77279,PO BOX,Houston,Harris County,231
75027,PO BOX,Flower Mound,Denton County,670
76077,STANDARD,Rainbow,Somervell County,520
75861,STANDARD,Tennessee Colony,Anderson County,1470
75251,STANDARD,Dallas,Dallas County,2300
78015,STANDARD,Boerne,Bexar County,13970
77801,STANDARD,Bryan,Brazos County,10220
77625,STANDARD,Kountze,Hardin County,7690
76635,STANDARD,Coolidge,Limestone County,1180
78049,UNIQUE,Laredo,Webb County,0
76503,PO BOX,Temple,Bell County,1131
76511,STANDARD,Bartlett,Williamson County,1980
76716,PO BOX,Waco,McLennan County,31
78333,PO BOX,Alice,Jim Wells County,2906
79549,STANDARD,Snyder,Scurry County,12980
76547,PO BOX,Killeen,Bell County,900
77587,STANDARD,South Houston,Harris County,15890
75009,STANDARD,Celina,Collin County,10590
79950,PO BOX,El Paso,El Paso County,89
79978,UNIQUE,El Paso,El Paso County,0
79538,STANDARD,Novice,Coleman County,200
78734,STANDARD,Austin,Travis County,19730
78004,STANDARD,Bergheim,Kendall County,560
76191,UNIQUE,Fort Worth,Tarrant County,0
75407,STANDARD,Princeton,Collin County,15500
77267,PO BOX,Houston,Harris County,1111
76905,STANDARD,San Angelo,Tom Green County,11220
78607,STANDARD,Bluffton,Llano County,166
76540,PO BOX,Killeen,Bell County,936
76464,STANDARD,Moran,Shackelford County,380
75477,STANDARD,Roxton,Lamar County,720
79053,PO BOX,Lazbuddie,Parmer County,220
76934,STANDARD,Carlsbad,Tom Green County,890
77287,PO BOX,Houston,Harris County,353
75973,STANDARD,Shelbyville,Shelby County,2050
76467,PO BOX,Paluxy,Hood County,63
77044,STANDARD,Houston,Harris County,39180
78558,PO BOX,La Blanca,Hidalgo County,2904
75990,UNIQUE,Woodville,Tyler County,0
77420,STANDARD,Boling,Wharton County,2230
79759,PO BOX,Notrees,Ector County,0
76115,STANDARD,Fort Worth,Tarrant County,21430
78623,STANDARD,Fischer,Comal County,1050
78610,STANDARD,Buda,Hays County,31310
75211,STANDARD,Dallas,Dallas County,71000
76852,STANDARD,Lohn,McCulloch County,200
75241,STANDARD,Dallas,Dallas County,26570
76476,STANDARD,Tolar,Hood County,2420
75656,STANDARD,Hughes Springs,Cass County,4150
75143,STANDARD,Kemp,Henderson County,11570
76002,STANDARD,Arlington,Tarrant County,32940
78297,PO BOX,San Antonio,Bexar County,68
79543,STANDARD,Roby,Fisher County,1010
75468,STANDARD,Pattonville,Lamar County,830
88588,PO BOX,El Paso,El Paso County,0
79356,STANDARD,Post,Garza County,3900
77830,STANDARD,Anderson,Grimes County,2550
78404,STANDARD,Corpus Christi,Nueces County,12800
78613,STANDARD,Cedar Park,Williamson County,74830
78760,PO BOX,Austin,Travis County,955
76023,STANDARD,Boyd,Wise County,5580
75710,PO BOX,Tyler,Smith County,741
77046,STANDARD,Houston,Harris County,1620
75802,PO BOX,Palestine,Anderson County,1830
88520,PO BOX,El Paso,El Paso County,0
79101,STANDARD,Amarillo,Potter County,1930
88550,PO BOX,El Paso,El Paso County,0
75372,PO BOX,Dallas,Dallas County,592
77007,STANDARD,Houston,Harris County,31170
79255,STANDARD,Quitaque,Briscoe County,410
78683,PO BOX,Round Rock,Williamson County,665
77443,PO BOX,Glen Flora,Wharton County,277
78521,STANDARD,Brownsville,Cameron County,85420
78879,STANDARD,Rio Frio,Real County,190
75969,STANDARD,Pollok,Angelina County,3120
76433,STANDARD,Bluff Dale,Erath County,1220
75566,STANDARD,Marietta,Cass County,550
77401,STANDARD,Bellaire,Harris County,17330
75264,PO BOX,Dallas,Dallas County,0
76439,PO BOX,Dennis,Parker County,285
77440,PO BOX,Elmaton,Matagorda County,141
78279,PO BOX,San Antonio,Bexar County,424
76853,STANDARD,Lometa,Lampasas County,1290
76103,STANDARD,Fort Worth,Tarrant County,13860
79065,STANDARD,Pampa,Gray County,18120
78270,PO BOX,San Antonio,Bexar County,642
77355,STANDARD,Magnolia,Montgomery County,24670
76655,STANDARD,Lorena,McLennan County,7820
76533,PO BOX,Heidenheimer,Bell County,217
77435,STANDARD,East Bernard,Wharton County,4860
77493,STANDARD,Katy,Harris County,27640
79783,STANDARD,Tarzan,Martin County,196
79117,PO BOX,Amarillo,Potter County,683
75847,STANDARD,Kennard,Houston County,1220
75030,PO BOX,Rowlett,Dallas County,1039
78011,STANDARD,Charlotte,Atascosa County,1900
75754,STANDARD,Ben Wheeler,Van Zandt County,5000
78225,STANDARD,San Antonio,Bexar County,11450
78152,STANDARD,Saint Hedwig,Bexar County,2280
76470,STANDARD,Ranger,Eastland County,2300
75233,STANDARD,Dallas,Dallas County,13600
77968,STANDARD,Inez,Victoria County,2870
75759,PO BOX,Cuney,Cherokee County,125
79925,STANDARD,El Paso,El Paso County,35860
77406,STANDARD,Richmond,Fort Bend County,38880
75443,PO BOX,Gober,Fannin County,108
78763,PO BOX,Austin,Travis County,647
75320,UNIQUE,Dallas,Dallas County,0
79941,PO BOX,El Paso,El Paso County,76
79764,STANDARD,Odessa,Ector County,23540
78347,PO BOX,Chapman Ranch,Nueces County,119
78043,STANDARD,Laredo,Webb County,41100
76431,STANDARD,Chico,Wise County,3050
79848,PO BOX,Sanderson,Terrell County,729
76530,STANDARD,Granger,Williamson County,2250
75639,STANDARD,De Berry,Panola County,2400
77624,STANDARD,Hillister,Tyler County,770
75668,STANDARD,Lone Star,Morris County,1610
75758,STANDARD,Chandler,Henderson County,8290
75454,STANDARD,Melissa,Collin County,8600
75123,PO BOX,Desoto,Dallas County,1372
75422,STANDARD,Campbell,Hunt County,2470
79405,STANDARD,Lubbock,Lubbock County,16
79745,STANDARD,Kermit,Winkler County,6530
76631,STANDARD,Bynum,Hill County,430
79366,STANDARD,Ransom Canyon,Lubbock County,1000
75204,STANDARD,Dallas,Dallas County,24620
78226,STANDARD,San Antonio,Bexar County,5680
76377,STANDARD,Petrolia,Clay County,640
76908,STANDARD,Goodfellow Afb,Tom Green County,795
76541,STANDARD,Killeen,Bell County,15580
75669,STANDARD,Long Branch,Panola County,520
77074,STANDARD,Houston,Harris County,34410
76887,STANDARD,Voca,McCulloch County,97
77255,PO BOX,Houston,Harris County,664
76526,PO BOX,Flat,Coryell County,142
75562,PO BOX,Kildare,Cass County,96
76841,STANDARD,Fort Mc Kavett,Menard County,107
76834,STANDARD,Coleman,Coleman County,4500
78608,STANDARD,Briggs,Burnet County,480
77339,STANDARD,Kingwood,Harris County,37700
77640,STANDARD,Port Arthur,Jefferson County,13840
79116,PO BOX,Amarillo,Potter County,698
75168,PO BOX,Waxahachie,Ellis County,1145
76055,STANDARD,Itasca,Hill County,2490
79021,PO BOX,Cotton Center,Hale County,196
77217,PO BOX,Houston,Harris County,255
78713,PO BOX,Austin,Travis County,293
77474,STANDARD,Sealy,Austin County,13140
75301,UNIQUE,Dallas,Dallas County,0
75936,STANDARD,Chester,Tyler County,710
77242,PO BOX,Houston,Harris County,1204
75949,STANDARD,Huntington,Angelina County,6910
78113,STANDARD,Falls City,Karnes County,2180
76531,STANDARD,Hamilton,Hamilton County,3970
77349,UNIQUE,Huntsville,Walker County,12
75663,PO BOX,Kilgore,Gregg County,2304
75565,PO BOX,Mc Leod,Cass County,602
79031,STANDARD,Earth,Lamb County,1210
79369,PO BOX,Spade,Lamb County,134
75034,STANDARD,Frisco,Denton County,56190
75435,STANDARD,Deport,Lamar County,840
76484,STANDARD,Palo Pinto,Palo Pinto County,790
77231,PO BOX,Houston,Harris County,821
75093,STANDARD,Plano,Collin County,46530
79111,STANDARD,Amarillo,Potter County,1260
75497,STANDARD,Yantis,Wood County,2860
79701,STANDARD,Midland,Midland County,29370
78245,STANDARD,San Antonio,Bexar County,69610
75120,PO BOX,Ennis,Ellis County,1273
79534,STANDARD,Mc Caulley,Fisher County,160
88555,PO BOX,El Paso,El Paso County,0
75374,PO BOX,Dallas,Dallas County,1146
73960,PO BOX,Texhoma,Sherman County,0
75965,STANDARD,Nacogdoches,Nacogdoches County,13060
77973,PO BOX,Mcfaddin,Victoria County,20
76596,UNIQUE,Gatesville,Coryell County,14
75155,STANDARD,Rice,Navarro County,2510
88571,PO BOX,El Paso,El Paso County,0
79370,STANDARD,Spur,Dickens County,1240
78379,STANDARD,Riviera,Kleberg County,1490
79316,STANDARD,Brownfield,Terry County,9330
77518,STANDARD,Bacliff,Galveston County,8800
79923,PO BOX,El Paso,El Paso County,367
76569,STANDARD,Rogers,Bell County,2510
77077,STANDARD,Houston,Harris County,50560
78222,STANDARD,San Antonio,Bexar County,18900
78216,STANDARD,San Antonio,Bexar County,34950
79519,STANDARD,Goldsboro,Coleman County,60
88580,PO BOX,El Paso,El Paso County,0
78415,STANDARD,Corpus Christi,Nueces County,35850
77299,UNIQUE,Houston,Harris County,0
78021,STANDARD,Fowlerton,La Salle County,116
77290,PO BOX,Houston,Harris County,407
75961,STANDARD,Nacogdoches,Nacogdoches County,11220
76093,STANDARD,Rio Vista,Johnson County,2100
79845,STANDARD,Presidio,Presidio County,6937
75687,PO BOX,Price,Rusk County,261
78785,UNIQUE,Austin,Travis County,0
79032,PO BOX,Edmonson,Hale County,184
75045,PO BOX,Garland,Dallas County,709
77725,PO BOX,Beaumont,Jefferson County,535
75253,STANDARD,Dallas,Dallas County,19020
75844,STANDARD,Grapeland,Houston County,4290
76195,UNIQUE,Fort Worth,Tarrant County,0
76182,STANDARD,North Richland Hills,Tarrant County,29310
76043,STANDARD,Glen Rose,Somervell County,6390
75926,STANDARD,Apple Springs,Trinity County,900
77657,STANDARD,Lumberton,Hardin County,19330
77864,STANDARD,Madisonville,Madison County,7180
88531,PO BOX,El Paso,El Paso County,0
88586,PO BOX,El Paso,El Paso County,0
75144,STANDARD,Kerens,Navarro County,2690
88574,PO BOX,El Paso,El Paso County,0
79847,STANDARD,Salt Flat,Hudspeth County,105
79073,PO BOX,Plainview,Hale County,1362
77327,STANDARD,Cleveland,Liberty County,17260
75432,STANDARD,Cooper,Delta County,2720
75444,PO BOX,Golden,Wood County,483
75246,STANDARD,Dallas,Dallas County,1960
75114,STANDARD,Crandall,Kaufman County,5260
75599,UNIQUE,Texarkana,Bowie County,0
78708,PO BOX,Austin,Travis County,735
78471,STANDARD,Corpus Christi,Nueces County,58
76435,STANDARD,Carbon,Eastland County,540
76373,STANDARD,Oklaunion,Wilbarger County,166
78350,PO BOX,Dinero,Live Oak County,106
75904,STANDARD,Lufkin,Angelina County,29740
78799,STANDARD,Austin,Travis County,0
79409,STANDARD,Lubbock,Lubbock County,131
77433,STANDARD,Cypress,Harris County,75130
77373,STANDARD,Spring,Harris County,54820
77504,STANDARD,Pasadena,Harris County,20820
77224,PO BOX,Houston,Harris County,322
76207,STANDARD,Denton,Denton County,11850
79915,STANDARD,El Paso,El Paso County,33090
79849,STANDARD,San Elizario,El Paso County,13370
79842,PO BOX,Marathon,Brewster County,438
75102,STANDARD,Barry,Navarro County,1210
78580,STANDARD,Raymondville,Willacy County,9900
78666,STANDARD,San Marcos,Hays County,46690
78667,PO BOX,San Marcos,Hays County,1772
78236,STANDARD,Lackland A F B,Bexar County,2730
75706,STANDARD,Tyler,Smith County,8270
75068,STANDARD,Little Elm,Denton County,46950
88527,PO BOX,El Paso,El Paso County,0
78594,PO BOX,Sebastian,Willacy County,1978
75119,STANDARD,Ennis,Ellis County,24190
78832,STANDARD,Brackettville,Kinney County,2670
77078,STANDARD,Houston,Harris County,14200
78223,STANDARD,San Antonio,Bexar County,46270